Class Times	4
Rooms	2600
1	47
2	68
3	99
4	69
5	25
6	57
7	19
8	28
9	42
10	17
11	62
12	61
13	22
14	23
15	64
16	91
17	39
18	22
19	96
20	55
21	57
22	99
23	75
24	76
25	41
26	56
27	64
28	99
29	20
30	84
31	69
32	36
33	66
34	21
35	96
36	72
37	69
38	90
39	78
40	19
41	12
42	91
43	31
44	43
45	69
46	25
47	82
48	76
49	81
50	16
51	18
52	45
53	57
54	67
55	60
56	87
57	85
58	77
59	31
60	58
61	48
62	39
63	37
64	47
65	58
66	50
67	97
68	79
69	18
70	18
71	40
72	66
73	60
74	56
75	88
76	17
77	91
78	32
79	19
80	83
81	22
82	21
83	94
84	77
85	62
86	76
87	28
88	54
89	54
90	81
91	77
92	35
93	50
94	46
95	31
96	70
97	50
98	64
99	28
100	75
101	27
102	18
103	75
104	69
105	70
106	88
107	37
108	56
109	41
110	59
111	22
112	43
113	38
114	34
115	32
116	99
117	66
118	12
119	66
120	47
121	64
122	14
123	19
124	22
125	48
126	33
127	37
128	12
129	41
130	27
131	43
132	88
133	34
134	85
135	77
136	53
137	86
138	36
139	39
140	13
141	21
142	53
143	89
144	23
145	10
146	96
147	24
148	96
149	90
150	59
151	61
152	18
153	62
154	80
155	87
156	28
157	20
158	37
159	25
160	83
161	86
162	63
163	35
164	14
165	37
166	65
167	69
168	56
169	80
170	73
171	13
172	22
173	83
174	67
175	18
176	80
177	16
178	71
179	85
180	52
181	27
182	96
183	14
184	82
185	82
186	34
187	93
188	97
189	58
190	63
191	17
192	66
193	88
194	10
195	28
196	95
197	24
198	36
199	37
200	98
201	41
202	80
203	61
204	46
205	92
206	76
207	12
208	35
209	22
210	62
211	24
212	49
213	68
214	87
215	80
216	93
217	30
218	30
219	89
220	24
221	87
222	50
223	21
224	39
225	67
226	80
227	62
228	25
229	41
230	17
231	47
232	84
233	44
234	74
235	73
236	38
237	56
238	21
239	89
240	88
241	65
242	80
243	17
244	19
245	24
246	98
247	93
248	74
249	10
250	90
251	60
252	76
253	55
254	95
255	54
256	96
257	47
258	82
259	53
260	64
261	91
262	20
263	50
264	63
265	86
266	88
267	96
268	63
269	74
270	44
271	51
272	89
273	77
274	75
275	84
276	71
277	33
278	51
279	76
280	31
281	89
282	54
283	33
284	61
285	45
286	78
287	25
288	74
289	53
290	15
291	44
292	62
293	80
294	61
295	67
296	57
297	11
298	10
299	64
300	39
301	28
302	52
303	63
304	13
305	29
306	37
307	88
308	20
309	78
310	85
311	55
312	95
313	66
314	38
315	23
316	32
317	63
318	77
319	71
320	71
321	96
322	35
323	81
324	39
325	47
326	75
327	59
328	68
329	87
330	55
331	12
332	63
333	62
334	96
335	80
336	83
337	75
338	97
339	79
340	40
341	77
342	35
343	52
344	32
345	26
346	28
347	38
348	61
349	88
350	94
351	37
352	89
353	83
354	80
355	15
356	28
357	83
358	45
359	84
360	16
361	54
362	18
363	25
364	95
365	85
366	81
367	61
368	24
369	21
370	57
371	73
372	63
373	51
374	47
375	97
376	77
377	91
378	66
379	12
380	28
381	81
382	30
383	34
384	90
385	76
386	35
387	21
388	26
389	74
390	39
391	55
392	29
393	91
394	61
395	30
396	41
397	65
398	25
399	31
400	35
401	62
402	19
403	96
404	36
405	43
406	48
407	62
408	62
409	55
410	25
411	70
412	95
413	72
414	55
415	47
416	85
417	22
418	22
419	53
420	24
421	45
422	23
423	56
424	45
425	71
426	99
427	42
428	94
429	65
430	95
431	18
432	87
433	25
434	71
435	99
436	86
437	34
438	83
439	57
440	38
441	18
442	67
443	85
444	31
445	27
446	56
447	91
448	99
449	20
450	37
451	94
452	61
453	53
454	14
455	69
456	25
457	11
458	96
459	89
460	40
461	75
462	21
463	21
464	28
465	67
466	81
467	63
468	22
469	57
470	42
471	10
472	96
473	87
474	56
475	19
476	34
477	61
478	18
479	39
480	67
481	53
482	89
483	76
484	72
485	46
486	19
487	89
488	25
489	75
490	38
491	28
492	77
493	44
494	90
495	38
496	10
497	58
498	83
499	57
500	91
501	34
502	79
503	81
504	65
505	95
506	22
507	98
508	34
509	72
510	21
511	94
512	74
513	77
514	39
515	50
516	43
517	89
518	47
519	96
520	65
521	59
522	92
523	49
524	57
525	64
526	79
527	33
528	88
529	52
530	48
531	33
532	81
533	90
534	55
535	89
536	21
537	93
538	18
539	60
540	49
541	83
542	98
543	27
544	62
545	28
546	30
547	18
548	45
549	16
550	75
551	52
552	37
553	49
554	83
555	71
556	64
557	31
558	34
559	50
560	56
561	85
562	71
563	31
564	39
565	39
566	37
567	37
568	50
569	49
570	48
571	36
572	14
573	91
574	62
575	51
576	59
577	92
578	86
579	30
580	34
581	70
582	11
583	36
584	48
585	25
586	63
587	93
588	48
589	95
590	70
591	85
592	83
593	60
594	28
595	32
596	51
597	79
598	93
599	89
600	10
601	50
602	18
603	51
604	33
605	88
606	92
607	18
608	71
609	92
610	15
611	22
612	72
613	75
614	52
615	30
616	68
617	94
618	14
619	81
620	72
621	42
622	37
623	23
624	42
625	46
626	13
627	31
628	27
629	20
630	58
631	44
632	74
633	73
634	19
635	90
636	96
637	37
638	39
639	58
640	30
641	24
642	30
643	11
644	42
645	52
646	53
647	30
648	24
649	28
650	96
651	71
652	57
653	94
654	96
655	47
656	99
657	33
658	60
659	34
660	72
661	81
662	43
663	57
664	19
665	80
666	11
667	28
668	50
669	20
670	18
671	93
672	42
673	81
674	41
675	33
676	58
677	75
678	95
679	78
680	97
681	62
682	41
683	94
684	69
685	20
686	86
687	32
688	83
689	92
690	21
691	12
692	48
693	48
694	93
695	32
696	98
697	36
698	17
699	45
700	19
701	70
702	89
703	70
704	63
705	24
706	29
707	79
708	97
709	46
710	71
711	82
712	22
713	15
714	80
715	38
716	88
717	99
718	61
719	38
720	22
721	96
722	75
723	34
724	89
725	80
726	59
727	11
728	31
729	77
730	77
731	97
732	84
733	90
734	53
735	54
736	47
737	15
738	83
739	41
740	50
741	67
742	22
743	88
744	32
745	17
746	16
747	55
748	48
749	50
750	79
751	68
752	97
753	19
754	45
755	11
756	37
757	66
758	58
759	37
760	33
761	61
762	85
763	39
764	63
765	79
766	38
767	58
768	70
769	85
770	76
771	12
772	81
773	89
774	23
775	78
776	85
777	19
778	16
779	95
780	95
781	76
782	74
783	16
784	46
785	58
786	66
787	62
788	92
789	86
790	63
791	19
792	46
793	75
794	11
795	79
796	73
797	86
798	44
799	88
800	27
801	71
802	89
803	71
804	65
805	74
806	14
807	38
808	18
809	95
810	98
811	74
812	20
813	52
814	60
815	54
816	58
817	89
818	58
819	38
820	32
821	49
822	80
823	74
824	18
825	57
826	98
827	77
828	23
829	29
830	87
831	12
832	12
833	76
834	12
835	46
836	29
837	68
838	80
839	90
840	51
841	68
842	63
843	70
844	85
845	28
846	64
847	37
848	37
849	14
850	12
851	37
852	10
853	84
854	87
855	44
856	99
857	11
858	99
859	73
860	67
861	45
862	26
863	13
864	16
865	50
866	87
867	27
868	52
869	61
870	51
871	86
872	57
873	19
874	16
875	74
876	40
877	36
878	23
879	66
880	85
881	70
882	72
883	70
884	87
885	98
886	28
887	39
888	83
889	68
890	10
891	27
892	86
893	74
894	83
895	48
896	36
897	71
898	84
899	51
900	88
901	28
902	82
903	73
904	84
905	29
906	76
907	36
908	63
909	45
910	49
911	76
912	80
913	64
914	83
915	93
916	93
917	92
918	92
919	68
920	25
921	45
922	30
923	57
924	35
925	64
926	47
927	75
928	26
929	24
930	42
931	86
932	43
933	27
934	17
935	49
936	95
937	83
938	46
939	95
940	74
941	26
942	16
943	31
944	15
945	88
946	97
947	81
948	26
949	98
950	72
951	65
952	19
953	27
954	36
955	83
956	35
957	48
958	78
959	95
960	12
961	62
962	11
963	80
964	59
965	34
966	95
967	38
968	52
969	18
970	64
971	34
972	81
973	90
974	66
975	55
976	68
977	68
978	76
979	29
980	46
981	56
982	83
983	72
984	64
985	95
986	80
987	47
988	72
989	25
990	14
991	60
992	37
993	21
994	98
995	45
996	59
997	12
998	80
999	88
1000	41
1001	85
1002	48
1003	75
1004	60
1005	88
1006	75
1007	82
1008	82
1009	80
1010	23
1011	82
1012	32
1013	39
1014	86
1015	22
1016	84
1017	69
1018	49
1019	83
1020	79
1021	69
1022	94
1023	49
1024	83
1025	64
1026	47
1027	30
1028	33
1029	72
1030	90
1031	61
1032	10
1033	18
1034	39
1035	97
1036	57
1037	98
1038	33
1039	73
1040	31
1041	38
1042	23
1043	42
1044	76
1045	49
1046	61
1047	30
1048	39
1049	31
1050	67
1051	99
1052	68
1053	76
1054	10
1055	42
1056	19
1057	95
1058	32
1059	31
1060	43
1061	60
1062	30
1063	49
1064	87
1065	81
1066	44
1067	17
1068	97
1069	26
1070	17
1071	32
1072	84
1073	60
1074	75
1075	10
1076	88
1077	83
1078	60
1079	14
1080	99
1081	51
1082	74
1083	18
1084	10
1085	81
1086	93
1087	45
1088	59
1089	56
1090	81
1091	62
1092	62
1093	53
1094	99
1095	52
1096	74
1097	64
1098	69
1099	24
1100	48
1101	79
1102	87
1103	30
1104	30
1105	22
1106	29
1107	37
1108	76
1109	31
1110	96
1111	14
1112	95
1113	58
1114	40
1115	68
1116	47
1117	49
1118	10
1119	85
1120	66
1121	55
1122	80
1123	74
1124	79
1125	92
1126	72
1127	11
1128	48
1129	89
1130	99
1131	92
1132	99
1133	89
1134	50
1135	45
1136	14
1137	64
1138	21
1139	93
1140	69
1141	24
1142	97
1143	96
1144	24
1145	91
1146	90
1147	23
1148	84
1149	48
1150	58
1151	24
1152	12
1153	40
1154	30
1155	37
1156	32
1157	21
1158	26
1159	85
1160	51
1161	85
1162	85
1163	69
1164	19
1165	73
1166	39
1167	76
1168	89
1169	11
1170	32
1171	48
1172	90
1173	85
1174	55
1175	64
1176	16
1177	56
1178	90
1179	15
1180	70
1181	72
1182	56
1183	45
1184	91
1185	25
1186	76
1187	50
1188	99
1189	87
1190	17
1191	36
1192	83
1193	76
1194	56
1195	32
1196	26
1197	83
1198	66
1199	66
1200	89
1201	17
1202	28
1203	55
1204	39
1205	34
1206	60
1207	12
1208	90
1209	49
1210	34
1211	33
1212	33
1213	82
1214	13
1215	54
1216	84
1217	28
1218	65
1219	68
1220	11
1221	29
1222	28
1223	21
1224	76
1225	44
1226	67
1227	44
1228	77
1229	39
1230	26
1231	16
1232	40
1233	39
1234	39
1235	45
1236	77
1237	55
1238	76
1239	62
1240	95
1241	99
1242	91
1243	96
1244	69
1245	34
1246	23
1247	33
1248	11
1249	39
1250	52
1251	21
1252	61
1253	99
1254	40
1255	40
1256	86
1257	63
1258	87
1259	91
1260	41
1261	27
1262	31
1263	84
1264	68
1265	76
1266	98
1267	70
1268	24
1269	78
1270	58
1271	32
1272	65
1273	17
1274	89
1275	90
1276	90
1277	54
1278	52
1279	29
1280	36
1281	50
1282	57
1283	93
1284	73
1285	29
1286	15
1287	70
1288	15
1289	97
1290	77
1291	56
1292	10
1293	29
1294	16
1295	73
1296	40
1297	49
1298	24
1299	37
1300	61
1301	89
1302	74
1303	94
1304	48
1305	20
1306	11
1307	26
1308	70
1309	57
1310	20
1311	90
1312	29
1313	23
1314	54
1315	42
1316	54
1317	26
1318	93
1319	37
1320	91
1321	71
1322	18
1323	41
1324	55
1325	35
1326	40
1327	59
1328	50
1329	95
1330	66
1331	13
1332	90
1333	69
1334	53
1335	17
1336	69
1337	24
1338	20
1339	41
1340	46
1341	39
1342	49
1343	33
1344	96
1345	14
1346	28
1347	22
1348	66
1349	62
1350	68
1351	11
1352	63
1353	55
1354	36
1355	14
1356	19
1357	34
1358	47
1359	62
1360	14
1361	42
1362	30
1363	14
1364	35
1365	49
1366	78
1367	19
1368	20
1369	67
1370	56
1371	99
1372	75
1373	10
1374	16
1375	55
1376	48
1377	57
1378	67
1379	95
1380	76
1381	34
1382	73
1383	58
1384	65
1385	91
1386	23
1387	77
1388	26
1389	28
1390	34
1391	46
1392	17
1393	17
1394	78
1395	94
1396	69
1397	58
1398	30
1399	34
1400	55
1401	33
1402	45
1403	71
1404	41
1405	54
1406	89
1407	90
1408	15
1409	24
1410	91
1411	75
1412	19
1413	13
1414	82
1415	60
1416	97
1417	41
1418	76
1419	48
1420	31
1421	20
1422	53
1423	28
1424	33
1425	68
1426	19
1427	96
1428	62
1429	19
1430	53
1431	46
1432	82
1433	58
1434	33
1435	58
1436	51
1437	27
1438	19
1439	12
1440	92
1441	46
1442	54
1443	35
1444	97
1445	13
1446	98
1447	78
1448	91
1449	73
1450	80
1451	39
1452	90
1453	15
1454	78
1455	83
1456	45
1457	97
1458	86
1459	70
1460	38
1461	69
1462	98
1463	94
1464	45
1465	51
1466	35
1467	89
1468	37
1469	14
1470	44
1471	28
1472	46
1473	17
1474	52
1475	72
1476	42
1477	29
1478	47
1479	55
1480	48
1481	85
1482	96
1483	62
1484	28
1485	91
1486	60
1487	90
1488	77
1489	68
1490	22
1491	72
1492	42
1493	21
1494	15
1495	83
1496	21
1497	85
1498	83
1499	73
1500	47
1501	65
1502	17
1503	23
1504	36
1505	25
1506	16
1507	13
1508	54
1509	45
1510	87
1511	68
1512	25
1513	33
1514	81
1515	10
1516	92
1517	35
1518	33
1519	90
1520	78
1521	81
1522	15
1523	10
1524	98
1525	58
1526	76
1527	87
1528	18
1529	79
1530	73
1531	30
1532	16
1533	58
1534	52
1535	85
1536	48
1537	36
1538	18
1539	89
1540	64
1541	46
1542	91
1543	95
1544	24
1545	17
1546	57
1547	20
1548	30
1549	34
1550	48
1551	38
1552	91
1553	89
1554	33
1555	39
1556	43
1557	30
1558	72
1559	87
1560	53
1561	76
1562	86
1563	22
1564	41
1565	14
1566	24
1567	74
1568	69
1569	56
1570	77
1571	21
1572	54
1573	83
1574	77
1575	62
1576	83
1577	88
1578	52
1579	28
1580	33
1581	33
1582	62
1583	64
1584	85
1585	19
1586	22
1587	95
1588	79
1589	74
1590	90
1591	22
1592	97
1593	88
1594	54
1595	12
1596	40
1597	89
1598	42
1599	99
1600	57
1601	90
1602	43
1603	62
1604	42
1605	73
1606	91
1607	36
1608	94
1609	95
1610	44
1611	81
1612	23
1613	60
1614	20
1615	43
1616	69
1617	77
1618	22
1619	79
1620	22
1621	11
1622	48
1623	90
1624	33
1625	90
1626	82
1627	55
1628	14
1629	23
1630	58
1631	41
1632	19
1633	39
1634	52
1635	90
1636	52
1637	17
1638	34
1639	68
1640	95
1641	61
1642	39
1643	98
1644	91
1645	25
1646	75
1647	32
1648	63
1649	22
1650	77
1651	76
1652	90
1653	77
1654	18
1655	97
1656	31
1657	17
1658	24
1659	51
1660	50
1661	68
1662	82
1663	71
1664	68
1665	25
1666	70
1667	36
1668	15
1669	37
1670	32
1671	91
1672	97
1673	47
1674	63
1675	35
1676	78
1677	37
1678	89
1679	23
1680	65
1681	54
1682	59
1683	47
1684	19
1685	62
1686	19
1687	54
1688	25
1689	15
1690	79
1691	14
1692	26
1693	27
1694	64
1695	36
1696	45
1697	13
1698	21
1699	60
1700	12
1701	25
1702	32
1703	97
1704	43
1705	19
1706	13
1707	40
1708	43
1709	18
1710	97
1711	16
1712	63
1713	47
1714	93
1715	18
1716	88
1717	53
1718	51
1719	79
1720	60
1721	60
1722	93
1723	80
1724	50
1725	41
1726	38
1727	23
1728	20
1729	55
1730	66
1731	87
1732	93
1733	13
1734	21
1735	11
1736	99
1737	11
1738	54
1739	17
1740	51
1741	98
1742	45
1743	37
1744	46
1745	38
1746	96
1747	94
1748	13
1749	44
1750	68
1751	27
1752	11
1753	93
1754	68
1755	43
1756	57
1757	22
1758	18
1759	57
1760	92
1761	11
1762	35
1763	88
1764	78
1765	56
1766	17
1767	24
1768	86
1769	12
1770	68
1771	86
1772	46
1773	43
1774	34
1775	31
1776	53
1777	51
1778	83
1779	74
1780	20
1781	60
1782	88
1783	49
1784	84
1785	78
1786	96
1787	73
1788	50
1789	27
1790	59
1791	73
1792	72
1793	55
1794	95
1795	74
1796	12
1797	34
1798	57
1799	84
1800	66
1801	70
1802	98
1803	83
1804	20
1805	95
1806	32
1807	60
1808	44
1809	89
1810	47
1811	56
1812	70
1813	50
1814	63
1815	52
1816	58
1817	24
1818	58
1819	54
1820	44
1821	92
1822	76
1823	23
1824	90
1825	47
1826	18
1827	21
1828	59
1829	46
1830	37
1831	20
1832	60
1833	21
1834	18
1835	54
1836	99
1837	29
1838	83
1839	10
1840	80
1841	96
1842	68
1843	17
1844	74
1845	28
1846	71
1847	13
1848	27
1849	26
1850	97
1851	18
1852	22
1853	98
1854	98
1855	68
1856	93
1857	40
1858	56
1859	57
1860	66
1861	93
1862	97
1863	93
1864	14
1865	72
1866	24
1867	64
1868	23
1869	75
1870	73
1871	58
1872	53
1873	95
1874	73
1875	24
1876	70
1877	70
1878	82
1879	91
1880	66
1881	84
1882	48
1883	16
1884	37
1885	97
1886	99
1887	97
1888	86
1889	17
1890	52
1891	36
1892	96
1893	77
1894	45
1895	15
1896	85
1897	17
1898	84
1899	81
1900	67
1901	61
1902	91
1903	20
1904	88
1905	11
1906	15
1907	46
1908	46
1909	25
1910	57
1911	59
1912	44
1913	38
1914	93
1915	85
1916	67
1917	34
1918	83
1919	56
1920	76
1921	42
1922	69
1923	94
1924	83
1925	85
1926	46
1927	99
1928	80
1929	19
1930	20
1931	91
1932	10
1933	51
1934	67
1935	81
1936	42
1937	40
1938	66
1939	41
1940	74
1941	58
1942	55
1943	68
1944	75
1945	90
1946	11
1947	12
1948	98
1949	16
1950	18
1951	46
1952	37
1953	88
1954	59
1955	53
1956	13
1957	93
1958	85
1959	80
1960	25
1961	40
1962	85
1963	17
1964	85
1965	26
1966	12
1967	56
1968	36
1969	73
1970	52
1971	90
1972	93
1973	19
1974	57
1975	98
1976	31
1977	86
1978	16
1979	13
1980	57
1981	80
1982	23
1983	64
1984	30
1985	12
1986	72
1987	72
1988	38
1989	36
1990	53
1991	61
1992	83
1993	19
1994	12
1995	44
1996	71
1997	65
1998	76
1999	22
2000	84
2001	20
2002	73
2003	91
2004	96
2005	94
2006	59
2007	24
2008	57
2009	22
2010	95
2011	33
2012	53
2013	40
2014	42
2015	58
2016	73
2017	18
2018	37
2019	66
2020	28
2021	19
2022	55
2023	25
2024	49
2025	38
2026	86
2027	27
2028	86
2029	12
2030	32
2031	32
2032	33
2033	93
2034	95
2035	36
2036	55
2037	97
2038	66
2039	75
2040	57
2041	23
2042	34
2043	47
2044	27
2045	17
2046	44
2047	69
2048	77
2049	98
2050	79
2051	92
2052	60
2053	90
2054	89
2055	38
2056	11
2057	88
2058	56
2059	28
2060	71
2061	13
2062	18
2063	24
2064	48
2065	10
2066	10
2067	25
2068	69
2069	42
2070	90
2071	23
2072	90
2073	27
2074	23
2075	73
2076	68
2077	57
2078	73
2079	58
2080	69
2081	39
2082	60
2083	50
2084	57
2085	63
2086	23
2087	99
2088	42
2089	77
2090	79
2091	31
2092	70
2093	85
2094	81
2095	69
2096	46
2097	47
2098	19
2099	63
2100	69
2101	86
2102	34
2103	20
2104	98
2105	99
2106	50
2107	97
2108	43
2109	58
2110	92
2111	92
2112	34
2113	47
2114	92
2115	74
2116	18
2117	65
2118	23
2119	43
2120	70
2121	67
2122	30
2123	54
2124	15
2125	18
2126	80
2127	13
2128	42
2129	18
2130	34
2131	37
2132	19
2133	32
2134	45
2135	78
2136	98
2137	94
2138	55
2139	69
2140	82
2141	63
2142	50
2143	33
2144	44
2145	38
2146	19
2147	66
2148	25
2149	64
2150	34
2151	91
2152	35
2153	44
2154	48
2155	78
2156	37
2157	11
2158	90
2159	82
2160	80
2161	18
2162	44
2163	16
2164	31
2165	95
2166	29
2167	31
2168	62
2169	52
2170	48
2171	89
2172	96
2173	46
2174	11
2175	37
2176	94
2177	77
2178	38
2179	96
2180	23
2181	22
2182	57
2183	97
2184	46
2185	89
2186	69
2187	11
2188	91
2189	29
2190	96
2191	67
2192	69
2193	78
2194	34
2195	99
2196	78
2197	67
2198	80
2199	17
2200	77
2201	14
2202	79
2203	31
2204	72
2205	55
2206	44
2207	18
2208	46
2209	37
2210	24
2211	33
2212	20
2213	24
2214	26
2215	74
2216	20
2217	86
2218	54
2219	12
2220	33
2221	73
2222	92
2223	21
2224	27
2225	61
2226	59
2227	56
2228	70
2229	89
2230	76
2231	15
2232	22
2233	35
2234	92
2235	72
2236	19
2237	39
2238	10
2239	95
2240	91
2241	47
2242	89
2243	44
2244	50
2245	45
2246	28
2247	44
2248	32
2249	95
2250	30
2251	30
2252	86
2253	66
2254	12
2255	74
2256	54
2257	86
2258	50
2259	36
2260	69
2261	16
2262	96
2263	80
2264	59
2265	83
2266	72
2267	31
2268	70
2269	30
2270	98
2271	16
2272	56
2273	55
2274	14
2275	56
2276	21
2277	41
2278	38
2279	92
2280	65
2281	87
2282	79
2283	72
2284	38
2285	26
2286	68
2287	44
2288	69
2289	14
2290	49
2291	78
2292	57
2293	22
2294	98
2295	76
2296	14
2297	24
2298	81
2299	71
2300	53
2301	95
2302	74
2303	92
2304	45
2305	16
2306	16
2307	87
2308	42
2309	49
2310	79
2311	12
2312	13
2313	76
2314	69
2315	47
2316	11
2317	35
2318	19
2319	62
2320	92
2321	20
2322	80
2323	75
2324	19
2325	72
2326	54
2327	23
2328	18
2329	38
2330	46
2331	20
2332	22
2333	15
2334	12
2335	34
2336	97
2337	85
2338	21
2339	69
2340	99
2341	72
2342	83
2343	52
2344	84
2345	59
2346	58
2347	62
2348	52
2349	47
2350	11
2351	86
2352	27
2353	35
2354	93
2355	49
2356	36
2357	90
2358	64
2359	29
2360	44
2361	59
2362	66
2363	61
2364	88
2365	87
2366	15
2367	25
2368	14
2369	91
2370	95
2371	12
2372	28
2373	54
2374	88
2375	89
2376	98
2377	82
2378	59
2379	30
2380	24
2381	24
2382	84
2383	83
2384	70
2385	93
2386	87
2387	78
2388	58
2389	73
2390	40
2391	31
2392	66
2393	72
2394	21
2395	38
2396	31
2397	26
2398	43
2399	45
2400	95
2401	94
2402	97
2403	21
2404	97
2405	94
2406	40
2407	80
2408	85
2409	28
2410	43
2411	86
2412	36
2413	98
2414	83
2415	73
2416	83
2417	95
2418	27
2419	93
2420	47
2421	98
2422	69
2423	14
2424	23
2425	71
2426	54
2427	46
2428	10
2429	79
2430	12
2431	88
2432	56
2433	37
2434	50
2435	15
2436	86
2437	34
2438	27
2439	20
2440	59
2441	65
2442	25
2443	45
2444	97
2445	72
2446	30
2447	42
2448	42
2449	23
2450	38
2451	37
2452	73
2453	91
2454	90
2455	42
2456	39
2457	76
2458	99
2459	81
2460	77
2461	49
2462	92
2463	68
2464	32
2465	44
2466	81
2467	18
2468	55
2469	93
2470	23
2471	11
2472	82
2473	16
2474	15
2475	34
2476	35
2477	20
2478	90
2479	76
2480	84
2481	25
2482	29
2483	72
2484	58
2485	26
2486	72
2487	51
2488	88
2489	69
2490	92
2491	76
2492	60
2493	91
2494	86
2495	82
2496	32
2497	70
2498	97
2499	76
2500	61
2501	62
2502	68
2503	12
2504	61
2505	13
2506	64
2507	70
2508	78
2509	55
2510	12
2511	84
2512	89
2513	44
2514	46
2515	74
2516	15
2517	70
2518	32
2519	78
2520	99
2521	80
2522	35
2523	80
2524	43
2525	42
2526	12
2527	86
2528	34
2529	28
2530	20
2531	14
2532	31
2533	88
2534	47
2535	64
2536	17
2537	66
2538	81
2539	90
2540	79
2541	18
2542	51
2543	31
2544	39
2545	43
2546	55
2547	77
2548	18
2549	76
2550	27
2551	75
2552	42
2553	13
2554	30
2555	10
2556	58
2557	72
2558	40
2559	23
2560	65
2561	66
2562	25
2563	80
2564	24
2565	21
2566	83
2567	20
2568	66
2569	27
2570	14
2571	16
2572	39
2573	48
2574	18
2575	11
2576	98
2577	44
2578	89
2579	87
2580	49
2581	13
2582	72
2583	66
2584	98
2585	76
2586	75
2587	87
2588	13
2589	55
2590	94
2591	81
2592	24
2593	70
2594	78
2595	85
2596	24
2597	75
2598	81
2599	10
2600	84
Classes	7000
Teachers	3500
1	3026
2	2397
3	2956
4	2804
5	2962
6	2590
7	785
8	3464
9	1050
10	265
11	1357
12	197
13	302
14	680
15	2514
16	2791
17	1567
18	52
19	825
20	2783
21	2404
22	2221
23	1657
24	687
25	1074
26	148
27	1566
28	744
29	1965
30	2221
31	1911
32	2141
33	1430
34	1511
35	1339
36	181
37	2468
38	656
39	2622
40	778
41	2451
42	445
43	1688
44	3328
45	447
46	1567
47	822
48	1191
49	1694
50	871
51	711
52	2514
53	3301
54	2242
55	3028
56	1234
57	749
58	3269
59	2749
60	553
61	3381
62	868
63	2561
64	2302
65	102
66	1493
67	1581
68	1566
69	2788
70	2624
71	2946
72	148
73	1171
74	2612
75	839
76	3362
77	3188
78	459
79	2656
80	3427
81	2187
82	3400
83	3176
84	3033
85	2504
86	302
87	3360
88	1405
89	22
90	574
91	916
92	2764
93	3060
94	1240
95	2649
96	2130
97	1921
98	769
99	2847
100	1104
101	1655
102	3148
103	3180
104	341
105	2425
106	1696
107	3091
108	523
109	2588
110	2511
111	1608
112	949
113	1429
114	2791
115	532
116	1016
117	417
118	3104
119	3216
120	625
121	2516
122	2607
123	623
124	2326
125	1622
126	423
127	2189
128	2330
129	1699
130	990
131	2056
132	1030
133	3430
134	1639
135	115
136	2005
137	244
138	2029
139	1712
140	746
141	1316
142	63
143	2418
144	3192
145	2093
146	3022
147	543
148	87
149	1104
150	1443
151	3145
152	933
153	263
154	1088
155	582
156	771
157	3198
158	2594
159	1287
160	80
161	1831
162	1824
163	121
164	344
165	1749
166	3200
167	2577
168	1452
169	2272
170	3228
171	2687
172	1481
173	966
174	3215
175	1585
176	2736
177	1011
178	1848
179	3440
180	2618
181	2943
182	1654
183	1298
184	3121
185	66
186	2929
187	3267
188	2362
189	2606
190	1596
191	1298
192	2275
193	3078
194	1019
195	926
196	664
197	1383
198	548
199	1670
200	99
201	383
202	2276
203	1374
204	2125
205	2279
206	2830
207	759
208	2062
209	557
210	2902
211	553
212	2084
213	1391
214	434
215	1496
216	1918
217	62
218	825
219	2806
220	740
221	815
222	1794
223	1129
224	3228
225	228
226	1466
227	1297
228	3026
229	581
230	1656
231	1367
232	3320
233	869
234	3063
235	1338
236	2320
237	3033
238	698
239	2144
240	2148
241	1279
242	675
243	3307
244	2235
245	2089
246	2759
247	2014
248	2939
249	2223
250	1169
251	1941
252	3315
253	1447
254	1990
255	943
256	2098
257	1891
258	2543
259	1708
260	860
261	2138
262	3389
263	2669
264	3442
265	450
266	114
267	113
268	381
269	2347
270	125
271	1683
272	152
273	2034
274	3143
275	2826
276	1821
277	576
278	665
279	1821
280	171
281	3049
282	2550
283	281
284	663
285	564
286	125
287	999
288	2277
289	2670
290	1954
291	982
292	2405
293	2429
294	365
295	2613
296	1151
297	839
298	1288
299	3136
300	589
301	2643
302	691
303	2755
304	1450
305	2394
306	2774
307	1916
308	2632
309	341
310	2131
311	1528
312	3238
313	2714
314	67
315	1113
316	1662
317	2997
318	3030
319	905
320	1500
321	470
322	2847
323	1230
324	313
325	2182
326	2802
327	2850
328	552
329	644
330	154
331	1122
332	3114
333	518
334	2427
335	3154
336	2251
337	2036
338	2681
339	2153
340	599
341	985
342	3325
343	796
344	692
345	2892
346	3229
347	12
348	3134
349	454
350	965
351	999
352	2415
353	1179
354	3440
355	281
356	2182
357	2208
358	2098
359	1568
360	635
361	1322
362	1345
363	101
364	2810
365	3287
366	165
367	2576
368	563
369	2409
370	1660
371	338
372	203
373	232
374	455
375	955
376	1085
377	2037
378	2675
379	2509
380	728
381	675
382	3215
383	642
384	3375
385	1989
386	2406
387	1353
388	1278
389	3370
390	1390
391	1995
392	2390
393	959
394	2586
395	894
396	2128
397	2931
398	1303
399	889
400	2245
401	1891
402	2869
403	3069
404	1445
405	1027
406	979
407	576
408	3072
409	350
410	2974
411	2554
412	807
413	865
414	3468
415	2146
416	2695
417	589
418	780
419	3211
420	1195
421	2024
422	850
423	731
424	1828
425	2122
426	1695
427	3262
428	1410
429	204
430	2242
431	2922
432	2911
433	211
434	2389
435	1680
436	3132
437	1004
438	916
439	3259
440	1290
441	2196
442	745
443	539
444	76
445	1668
446	2744
447	1106
448	627
449	499
450	2124
451	568
452	1694
453	173
454	2457
455	3175
456	2163
457	516
458	2275
459	1485
460	3297
461	163
462	2246
463	19
464	3408
465	3372
466	1436
467	289
468	3212
469	1032
470	24
471	878
472	1770
473	204
474	862
475	3121
476	1221
477	432
478	624
479	3378
480	799
481	272
482	2207
483	3479
484	3486
485	615
486	1007
487	1277
488	1387
489	1728
490	2356
491	1114
492	1519
493	1853
494	469
495	126
496	1156
497	2835
498	1950
499	717
500	1431
501	3132
502	579
503	529
504	3126
505	2321
506	2479
507	3094
508	3278
509	503
510	2012
511	445
512	2374
513	3340
514	1451
515	464
516	2192
517	2797
518	1607
519	2873
520	2511
521	1271
522	2744
523	2660
524	1300
525	1402
526	2398
527	3136
528	1066
529	703
530	1327
531	2020
532	2545
533	2972
534	2013
535	2449
536	1269
537	2054
538	2131
539	571
540	15
541	3313
542	2703
543	2943
544	2174
545	1233
546	3388
547	141
548	1242
549	1158
550	2394
551	2364
552	2698
553	3210
554	1817
555	2947
556	3143
557	3281
558	2478
559	265
560	2304
561	2165
562	2043
563	2386
564	844
565	3231
566	160
567	629
568	1912
569	2156
570	1666
571	715
572	2057
573	2502
574	987
575	1070
576	1521
577	1929
578	879
579	2574
580	3467
581	1686
582	241
583	2970
584	1564
585	2099
586	3021
587	1907
588	734
589	2983
590	641
591	2700
592	1147
593	1441
594	2909
595	1652
596	235
597	547
598	3359
599	901
600	593
601	2502
602	1748
603	270
604	505
605	2826
606	2059
607	653
608	2044
609	89
610	853
611	137
612	609
613	2455
614	196
615	1317
616	2368
617	3489
618	1825
619	2546
620	1719
621	2347
622	2018
623	3261
624	1181
625	1491
626	1723
627	2672
628	1637
629	330
630	665
631	2222
632	1984
633	2920
634	188
635	3150
636	3309
637	2606
638	2959
639	103
640	2706
641	2920
642	1804
643	2595
644	1038
645	2889
646	2403
647	2618
648	873
649	754
650	2865
651	2333
652	3106
653	3315
654	1564
655	2339
656	1091
657	2725
658	556
659	2822
660	1436
661	1657
662	2915
663	2423
664	3221
665	1698
666	355
667	325
668	2639
669	960
670	1823
671	1022
672	3295
673	1417
674	2800
675	696
676	2885
677	1492
678	3253
679	1677
680	2095
681	986
682	2551
683	2278
684	36
685	2833
686	856
687	1858
688	290
689	964
690	1427
691	1850
692	2753
693	3031
694	906
695	2169
696	2529
697	2052
698	3403
699	3268
700	995
701	74
702	1664
703	1702
704	2129
705	741
706	267
707	2984
708	1874
709	1313
710	2023
711	1485
712	221
713	203
714	1867
715	427
716	1687
717	1173
718	2809
719	505
720	3145
721	3417
722	1115
723	3353
724	2766
725	2737
726	3424
727	1869
728	3355
729	272
730	89
731	3195
732	3331
733	763
734	3462
735	3274
736	235
737	2974
738	2272
739	620
740	583
741	376
742	737
743	1141
744	418
745	637
746	2127
747	3041
748	38
749	922
750	63
751	2481
752	2541
753	1404
754	868
755	1117
756	3350
757	2536
758	2887
759	307
760	1802
761	2824
762	2402
763	1366
764	1410
765	62
766	784
767	2252
768	3242
769	6
770	2578
771	1927
772	3395
773	2522
774	370
775	306
776	1829
777	2929
778	2702
779	1761
780	1867
781	788
782	3024
783	534
784	3096
785	1236
786	1068
787	1276
788	2479
789	3344
790	221
791	1074
792	635
793	1278
794	180
795	1170
796	3110
797	2216
798	2726
799	1734
800	2802
801	212
802	1941
803	2377
804	141
805	3189
806	1361
807	2833
808	2297
809	561
810	2095
811	2496
812	561
813	2665
814	1457
815	1355
816	1998
817	1310
818	93
819	1712
820	2549
821	575
822	1597
823	2215
824	329
825	2639
826	2334
827	329
828	2070
829	2822
830	944
831	1833
832	3298
833	686
834	1354
835	833
836	2297
837	2700
838	2797
839	3021
840	2610
841	1218
842	3229
843	3286
844	776
845	1503
846	2997
847	1948
848	584
849	475
850	799
851	2420
852	57
853	1923
854	864
855	2154
856	7
857	1995
858	836
859	913
860	51
861	2733
862	198
863	1395
864	1954
865	2912
866	2439
867	450
868	1129
869	1289
870	503
871	1022
872	2269
873	563
874	1688
875	3177
876	623
877	3148
878	2365
879	1716
880	2195
881	2026
882	1056
883	1035
884	1648
885	2301
886	3349
887	943
888	3210
889	3272
890	2350
891	715
892	3466
893	2849
894	2612
895	1315
896	2089
897	1496
898	2079
899	2895
900	768
901	2630
902	3358
903	2465
904	1599
905	318
906	3379
907	1627
908	211
909	1513
910	1925
911	2840
912	1672
913	944
914	2601
915	515
916	709
917	567
918	1915
919	857
920	1750
921	151
922	907
923	2127
924	1066
925	726
926	2500
927	1595
928	951
929	931
930	2626
931	1509
932	1035
933	2196
934	3340
935	2507
936	2803
937	1678
938	2003
939	2771
940	3391
941	1052
942	980
943	948
944	1119
945	54
946	1090
947	1896
948	2601
949	3152
950	2712
951	1135
952	3072
953	3313
954	538
955	70
956	1763
957	650
958	133
959	2667
960	117
961	1507
962	2106
963	1139
964	351
965	646
966	2377
967	3321
968	3079
969	1586
970	615
971	1833
972	1453
973	333
974	2140
975	1902
976	3113
977	771
978	2079
979	3350
980	26
981	3365
982	2451
983	534
984	1928
985	2374
986	3182
987	2046
988	1886
989	1381
990	499
991	2389
992	1385
993	1470
994	957
995	636
996	2740
997	1158
998	2284
999	602
1000	1279
1001	150
1002	709
1003	2503
1004	3493
1005	642
1006	803
1007	94
1008	480
1009	1043
1010	2882
1011	3137
1012	293
1013	1843
1014	343
1015	3201
1016	2336
1017	1806
1018	2765
1019	38
1020	2381
1021	1198
1022	185
1023	750
1024	279
1025	3175
1026	2913
1027	946
1028	1898
1029	1900
1030	1792
1031	761
1032	2293
1033	420
1034	2836
1035	1157
1036	1635
1037	424
1038	2654
1039	777
1040	2313
1041	965
1042	1760
1043	1721
1044	2424
1045	2086
1046	1731
1047	2172
1048	1647
1049	2261
1050	2523
1051	3265
1052	1792
1053	3080
1054	189
1055	133
1056	2788
1057	917
1058	2740
1059	2937
1060	322
1061	694
1062	2999
1063	2155
1064	3225
1065	497
1066	3266
1067	1774
1068	2361
1069	1825
1070	1674
1071	3386
1072	3491
1073	405
1074	1107
1075	2009
1076	2546
1077	3419
1078	2128
1079	2330
1080	58
1081	1518
1082	2
1083	783
1084	78
1085	273
1086	746
1087	2440
1088	2403
1089	146
1090	2874
1091	3432
1092	2983
1093	3147
1094	2043
1095	1829
1096	86
1097	1613
1098	3036
1099	914
1100	918
1101	1396
1102	1634
1103	936
1104	1586
1105	1871
1106	170
1107	358
1108	2811
1109	517
1110	2695
1111	745
1112	3442
1113	3064
1114	1059
1115	1925
1116	3481
1117	2461
1118	2449
1119	981
1120	1757
1121	352
1122	254
1123	1274
1124	2770
1125	158
1126	1828
1127	3346
1128	449
1129	2705
1130	2228
1131	1568
1132	1171
1133	202
1134	334
1135	2333
1136	1701
1137	2548
1138	2201
1139	3234
1140	1376
1141	582
1142	1113
1143	2305
1144	3380
1145	2305
1146	2392
1147	659
1148	3185
1149	3356
1150	2541
1151	2976
1152	1895
1153	2102
1154	789
1155	1621
1156	2473
1157	22
1158	1623
1159	862
1160	2429
1161	2751
1162	2045
1163	911
1164	56
1165	2806
1166	3299
1167	2692
1168	460
1169	486
1170	1776
1171	603
1172	13
1173	1918
1174	694
1175	1897
1176	3411
1177	161
1178	1212
1179	812
1180	752
1181	2678
1182	153
1183	2482
1184	1223
1185	291
1186	181
1187	1051
1188	2585
1189	2014
1190	2954
1191	1532
1192	961
1193	1069
1194	2600
1195	656
1196	840
1197	185
1198	2562
1199	2962
1200	3113
1201	540
1202	1475
1203	1519
1204	570
1205	1809
1206	3295
1207	3492
1208	1981
1209	510
1210	913
1211	1197
1212	1587
1213	3194
1214	1676
1215	827
1216	2785
1217	1075
1218	1873
1219	3001
1220	172
1221	1058
1222	1380
1223	2192
1224	1826
1225	2741
1226	2953
1227	717
1228	688
1229	1476
1230	2512
1231	2332
1232	507
1233	1899
1234	2520
1235	973
1236	2682
1237	1715
1238	777
1239	3022
1240	2392
1241	104
1242	2011
1243	808
1244	3403
1245	1887
1246	2335
1247	728
1248	1549
1249	2400
1250	890
1251	143
1252	3197
1253	3443
1254	627
1255	1425
1256	1966
1257	2505
1258	2659
1259	1189
1260	3376
1261	288
1262	1143
1263	1598
1264	1760
1265	2549
1266	1976
1267	3386
1268	2176
1269	2844
1270	1469
1271	1212
1272	339
1273	3060
1274	3265
1275	3119
1276	2952
1277	2142
1278	2197
1279	963
1280	953
1281	2496
1282	1262
1283	688
1284	270
1285	1743
1286	2430
1287	1085
1288	1670
1289	1727
1290	2187
1291	1706
1292	361
1293	2711
1294	1529
1295	2918
1296	803
1297	3183
1298	714
1299	357
1300	1587
1301	2017
1302	1681
1303	1648
1304	2411
1305	1716
1306	1836
1307	1998
1308	772
1309	2072
1310	3304
1311	1152
1312	1084
1313	1798
1314	2750
1315	707
1316	2059
1317	1120
1318	2550
1319	3223
1320	545
1321	702
1322	2184
1323	941
1324	3311
1325	2461
1326	2543
1327	1739
1328	2432
1329	1203
1330	558
1331	3183
1332	1664
1333	3116
1334	336
1335	2316
1336	2412
1337	1799
1338	2669
1339	604
1340	3015
1341	2877
1342	1285
1343	1839
1344	1008
1345	156
1346	1836
1347	3116
1348	84
1349	3128
1350	3017
1351	3069
1352	668
1353	3306
1354	431
1355	1403
1356	2712
1357	889
1358	2861
1359	1540
1360	3221
1361	1006
1362	3388
1363	2965
1364	1903
1365	1368
1366	3
1367	527
1368	434
1369	2832
1370	1320
1371	702
1372	309
1373	1608
1374	1578
1375	706
1376	1210
1377	479
1378	48
1379	2255
1380	2745
1381	1929
1382	40
1383	1479
1384	597
1385	236
1386	455
1387	1071
1388	158
1389	1360
1390	1383
1391	2682
1392	2194
1393	2274
1394	1225
1395	1884
1396	905
1397	2278
1398	1053
1399	2581
1400	3466
1401	19
1402	2285
1403	3102
1404	355
1405	1537
1406	2126
1407	2217
1408	1996
1409	1130
1410	3471
1411	2345
1412	939
1413	2189
1414	57
1415	1823
1416	900
1417	962
1418	3465
1419	1012
1420	1854
1421	875
1422	1191
1423	720
1424	333
1425	915
1426	906
1427	3034
1428	161
1429	1178
1430	1994
1431	342
1432	2463
1433	940
1434	2603
1435	960
1436	1875
1437	3074
1438	1623
1439	2741
1440	1635
1441	286
1442	2488
1443	3014
1444	2893
1445	1422
1446	1852
1447	1784
1448	1896
1449	462
1450	2594
1451	2691
1452	2579
1453	978
1454	3285
1455	538
1456	1097
1457	2032
1458	1698
1459	2058
1460	2070
1461	729
1462	2454
1463	3389
1464	2387
1465	1254
1466	3142
1467	1210
1468	3005
1469	2368
1470	1887
1471	2566
1472	3468
1473	1138
1474	369
1475	1243
1476	3471
1477	1633
1478	1489
1479	2499
1480	2317
1481	2815
1482	3237
1483	2267
1484	655
1485	2134
1486	1743
1487	3227
1488	1443
1489	85
1490	472
1491	2102
1492	328
1493	2046
1494	2948
1495	2794
1496	432
1497	2454
1498	1629
1499	810
1500	1710
1501	1637
1502	2570
1503	915
1504	2250
1505	2171
1506	2350
1507	2996
1508	1758
1509	3485
1510	2713
1511	322
1512	504
1513	2901
1514	1614
1515	602
1516	1503
1517	2812
1518	2976
1519	2097
1520	3125
1521	3262
1522	436
1523	979
1524	3276
1525	3362
1526	2529
1527	2925
1528	3092
1529	718
1530	1609
1531	1699
1532	933
1533	2662
1534	1536
1535	150
1536	1458
1537	3036
1538	2987
1539	3400
1540	2592
1541	371
1542	3093
1543	2829
1544	1106
1545	1782
1546	3349
1547	1427
1548	248
1549	3284
1550	3173
1551	3369
1552	1449
1553	1337
1554	1206
1555	71
1556	2933
1557	4
1558	2944
1559	1027
1560	840
1561	2434
1562	1644
1563	1144
1564	3391
1565	2035
1566	573
1567	875
1568	173
1569	1813
1570	1004
1571	3161
1572	2409
1573	3233
1574	2733
1575	1350
1576	2318
1577	276
1578	2154
1579	298
1580	3082
1581	1068
1582	2559
1583	1868
1584	1937
1585	1184
1586	2063
1587	3141
1588	1588
1589	1853
1590	128
1591	1385
1592	2473
1593	2578
1594	2040
1595	1200
1596	1230
1597	908
1598	556
1599	1218
1600	871
1601	1600
1602	953
1603	1752
1604	2261
1605	3032
1606	2003
1607	2985
1608	2914
1609	951
1610	1361
1611	1028
1612	2122
1613	1348
1614	2250
1615	2405
1616	3473
1617	2634
1618	1302
1619	2843
1620	3158
1621	1393
1622	98
1623	2147
1624	2277
1625	3156
1626	2292
1627	1467
1628	2001
1629	647
1630	1571
1631	1138
1632	2927
1633	611
1634	633
1635	2294
1636	2961
1637	2459
1638	2281
1639	2366
1640	2114
1641	1090
1642	1669
1643	1336
1644	196
1645	2105
1646	2954
1647	462
1648	2575
1649	1541
1650	550
1651	1808
1652	3058
1653	1573
1654	1920
1655	752
1656	404
1657	686
1658	442
1659	3173
1660	2973
1661	2026
1662	1912
1663	820
1664	2625
1665	729
1666	3274
1667	2671
1668	2477
1669	3089
1670	1927
1671	2104
1672	2021
1673	3284
1674	2361
1675	1593
1676	2050
1677	3292
1678	223
1679	1689
1680	3211
1681	2663
1682	2084
1683	2500
1684	1596
1685	1125
1686	1868
1687	1482
1688	92
1689	1272
1690	625
1691	1914
1692	727
1693	3353
1694	1599
1695	2407
1696	215
1697	3379
1698	894
1699	2071
1700	707
1701	461
1702	1135
1703	1458
1704	3214
1705	2476
1706	867
1707	1321
1708	2724
1709	736
1710	99
1711	1798
1712	1321
1713	1124
1714	1246
1715	1674
1716	269
1717	1269
1718	2113
1719	1805
1720	426
1721	3206
1722	990
1723	325
1724	1395
1725	2116
1726	2243
1727	1202
1728	2674
1729	3285
1730	199
1731	3172
1732	427
1733	649
1734	797
1735	975
1736	3227
1737	3231
1738	1981
1739	730
1740	949
1741	1642
1742	1081
1743	2781
1744	2186
1745	2519
1746	2780
1747	1112
1748	2685
1749	1931
1750	126
1751	1850
1752	2625
1753	1500
1754	2021
1755	352
1756	2649
1757	3016
1758	896
1759	2840
1760	3235
1761	2237
1762	1729
1763	2950
1764	76
1765	2323
1766	2312
1767	2442
1768	138
1769	1505
1770	884
1771	2659
1772	3053
1773	299
1774	391
1775	209
1776	1442
1777	1087
1778	733
1779	3037
1780	2009
1781	896
1782	2995
1783	3441
1784	2370
1785	1752
1786	2624
1787	2875
1788	989
1789	931
1790	412
1791	2588
1792	782
1793	2050
1794	444
1795	1703
1796	2923
1797	2371
1798	2871
1799	1881
1800	3135
1801	263
1802	2101
1803	1548
1804	1744
1805	1695
1806	2905
1807	3305
1808	1041
1809	2356
1810	3463
1811	25
1812	1100
1813	2692
1814	982
1815	815
1816	2111
1817	1285
1818	2586
1819	638
1820	3427
1821	994
1822	3254
1823	2909
1824	3109
1825	2458
1826	169
1827	3040
1828	1818
1829	555
1830	399
1831	1591
1832	3348
1833	3151
1834	2961
1835	3220
1836	617
1837	955
1838	1479
1839	105
1840	1357
1841	514
1842	2850
1843	2226
1844	657
1845	129
1846	169
1847	1982
1848	3106
1849	1237
1850	1159
1851	3219
1852	3240
1853	1805
1854	2002
1855	932
1856	3077
1857	262
1858	1923
1859	1897
1860	1484
1861	2640
1862	2694
1863	1634
1864	959
1865	1062
1866	721
1867	2344
1868	316
1869	381
1870	1678
1871	2640
1872	1963
1873	1207
1874	2864
1875	3457
1876	3304
1877	1053
1878	2796
1879	2860
1880	3028
1881	942
1882	2478
1883	1709
1884	454
1885	2488
1886	1237
1887	1711
1888	469
1889	2177
1890	216
1891	1609
1892	2431
1893	772
1894	1552
1895	318
1896	2553
1897	972
1898	1272
1899	2972
1900	244
1901	1561
1902	1473
1903	1034
1904	2290
1905	784
1906	145
1907	3396
1908	213
1909	2013
1910	261
1911	1615
1912	3416
1913	1175
1914	1253
1915	1334
1916	1441
1917	477
1918	662
1919	739
1920	2556
1921	1550
1922	419
1923	2
1924	664
1925	962
1926	1292
1927	335
1928	1580
1929	1293
1930	1781
1931	1051
1932	1754
1933	2698
1934	2422
1935	2622
1936	410
1937	1456
1938	2685
1939	1817
1940	1350
1941	2736
1942	1732
1943	2326
1944	1102
1945	594
1946	1516
1947	488
1948	626
1949	152
1950	3398
1951	2034
1952	716
1953	82
1954	1224
1955	1257
1956	1394
1957	1261
1958	1736
1959	3080
1960	3488
1961	3233
1962	502
1963	3214
1964	2159
1965	1796
1966	820
1967	1824
1968	1055
1969	2132
1970	1478
1971	1348
1972	2780
1973	1874
1974	1463
1975	895
1976	1880
1977	908
1978	1719
1979	2385
1980	1935
1981	2721
1982	517
1983	246
1984	2848
1985	2452
1986	3335
1987	3406
1988	620
1989	1993
1990	680
1991	1845
1992	843
1993	3144
1994	2557
1995	3062
1996	3269
1997	2044
1998	844
1999	3358
2000	2385
2001	228
2002	1569
2003	1672
2004	2416
2005	2037
2006	3331
2007	864
2008	829
2009	3167
2010	2406
2011	882
2012	2040
2013	1428
2014	31
2015	408
2016	2984
2017	501
2018	1505
2019	3301
2020	3441
2021	574
2022	8
2023	1040
2024	922
2025	2440
2026	1020
2027	2963
2028	3367
2029	2664
2030	1096
2031	1980
2032	737
2033	1553
2034	71
2035	307
2036	2535
2037	1717
2038	545
2039	3309
2040	246
2041	393
2042	2237
2043	1957
2044	741
2045	2353
2046	3193
2047	3193
2048	2101
2049	1880
2050	614
2051	3180
2052	131
2053	216
2054	2268
2055	1186
2056	1715
2057	2477
2058	555
2059	2494
2060	1621
2061	47
2062	1141
2063	1791
2064	460
2065	1514
2066	356
2067	1415
2068	2518
2069	2807
2070	30
2071	2770
2072	3341
2073	812
2074	2255
2075	1017
2076	3102
2077	494
2078	2774
2079	2359
2080	2422
2081	1445
2082	1837
2083	3371
2084	888
2085	1974
2086	2776
2087	1495
2088	1763
2089	3257
2090	1790
2091	1705
2092	303
2093	299
2094	258
2095	1556
2096	1175
2097	1849
2098	2512
2099	1329
2100	1888
2101	2790
2102	2711
2103	819
2104	2950
2105	2878
2106	3437
2107	2033
2108	1684
2109	1065
2110	2274
2111	1034
2112	2863
2113	3240
2114	1754
2115	1727
2116	1895
2117	1709
2118	23
2119	2638
2120	1739
2121	348
2122	1942
2123	2052
2124	758
2125	75
2126	1037
2127	858
2128	448
2129	1993
2130	349
2131	2123
2132	1706
2133	1535
2134	440
2135	1402
2136	122
2137	1173
2138	1189
2139	632
2140	2415
2141	1917
2142	1105
2143	3278
2144	1098
2145	1872
2146	421
2147	1486
2148	2484
2149	874
2150	3385
2151	190
2152	3443
2153	3242
2154	1602
2155	3287
2156	487
2157	1753
2158	2634
2159	1921
2160	1426
2161	2193
2162	2173
2163	3297
2164	376
2165	3162
2166	1144
2167	740
2168	1547
2169	3408
2170	3120
2171	1952
2172	1431
2173	3500
2174	2430
2175	823
2176	1778
2177	1780
2178	564
2179	3018
2180	2764
2181	1562
2182	2504
2183	995
2184	3206
2185	2991
2186	91
2187	1809
2188	225
2189	2596
2190	3342
2191	330
2192	394
2193	2965
2194	2941
2195	984
2196	3205
2197	2251
2198	580
2199	224
2200	1746
2201	3249
2202	926
2203	107
2204	275
2205	1533
2206	1816
2207	1970
2208	571
2209	1438
2210	2825
2211	2561
2212	2810
2213	2734
2214	1274
2215	1974
2216	1057
2217	2283
2218	2000
2219	1915
2220	3018
2221	231
2222	2019
2223	859
2224	1756
2225	1649
2226	760
2227	3216
2228	1265
2229	2075
2230	1149
2231	1216
2232	1924
2233	387
2234	392
2235	2637
2236	753
2237	843
2238	1063
2239	3119
2240	362
2241	2457
2242	86
2243	1101
2244	1152
2245	2299
2246	3001
2247	1248
2248	1208
2249	2574
2250	940
2251	3177
2252	372
2253	1939
2254	2609
2255	2677
2256	2773
2257	2619
2258	3360
2259	2827
2260	2678
2261	2483
2262	3382
2263	1758
2264	3495
2265	2292
2266	1375
2267	1498
2268	1803
2269	1154
2270	1183
2271	2540
2272	2225
2273	3252
2274	1624
2275	595
2276	2191
2277	1473
2278	457
2279	2998
2280	1561
2281	321
2282	1086
2283	24
2284	2875
2285	548
2286	1591
2287	2919
2288	2229
2289	2129
2290	3310
2291	3142
2292	1056
2293	354
2294	2444
2295	3429
2296	837
2297	81
2298	79
2299	1184
2300	3402
2301	2225
2302	1086
2303	3300
2304	2585
2305	2584
2306	21
2307	2801
2308	199
2309	3039
2310	3104
2311	1630
2312	964
2313	2858
2314	3421
2315	3332
2316	2032
2317	1522
2318	2318
2319	396
2320	2567
2321	2966
2322	3260
2323	1734
2324	542
2325	1003
2326	887
2327	2641
2328	1245
2329	3123
2330	1646
2331	603
2332	1201
2333	3333
2334	309
2335	380
2336	970
2337	50
2338	3306
2339	1972
2340	2503
2341	2808
2342	2065
2343	3049
2344	1457
2345	1973
2346	3288
2347	2480
2348	2918
2349	171
2350	1172
2351	2262
2352	2589
2353	1071
2354	1662
2355	1949
2356	857
2357	1900
2358	2348
2359	1757
2360	1379
2361	2603
2362	1686
2363	2724
2364	1119
2365	2001
2366	2908
2367	668
2368	3230
2369	1984
2370	2118
2371	1983
2372	2322
2373	1282
2374	605
2375	1789
2376	1986
2377	3323
2378	2212
2379	1502
2380	1794
2381	2175
2382	1451
2383	2769
2384	1069
2385	210
2386	2527
2387	2226
2388	1549
2389	612
2390	834
2391	2581
2392	2748
2393	1780
2394	549
2395	1351
2396	3058
2397	2563
2398	2006
2399	3109
2400	751
2401	942
2402	1905
2403	303
2404	644
2405	470
2406	1633
2407	2332
2408	2716
2409	2577
2410	760
2411	2197
2412	379
2413	3236
2414	3205
2415	662
2416	700
2417	888
2418	1005
2419	201
2420	1047
2421	241
2422	1255
2423	1148
2424	3370
2425	208
2426	2554
2427	1731
2428	2364
2429	314
2430	3198
2431	2991
2432	48
2433	2401
2434	1211
2435	2566
2436	3031
2437	2366
2438	2863
2439	1452
2440	3272
2441	1061
2442	2029
2443	968
2444	1078
2445	1901
2446	2525
2447	2345
2448	3333
2449	3128
2450	2452
2451	1581
2452	899
2453	814
2454	716
2455	2301
2456	1233
2457	866
2458	1655
2459	3414
2460	3397
2461	1679
2462	2434
2463	3134
2464	1776
2465	860
2466	2115
2467	2825
2468	214
2469	1257
2470	3076
2471	425
2472	112
2473	50
2474	3247
2475	2794
2476	1076
2477	45
2478	1931
2479	3271
2480	464
2481	3179
2482	890
2483	2036
2484	2746
2485	2714
2486	732
2487	3479
2488	3141
2489	1960
2490	1282
2491	353
2492	380
2493	3475
2494	164
2495	2081
2496	833
2497	2650
2498	459
2499	485
2500	3432
2501	1700
2502	1355
2503	2212
2504	1110
2505	2263
2506	2772
2507	3179
2508	2557
2509	1493
2510	1967
2511	194
2512	2526
2513	1511
2514	2483
2515	879
2516	1723
2517	429
2518	1440
2519	3256
2520	1373
2521	442
2522	611
2523	560
2524	2723
2525	2623
2526	598
2527	578
2528	3327
2529	2439
2530	883
2531	1384
2532	3483
2533	630
2534	3366
2535	335
2536	1666
2537	1683
2538	2306
2539	587
2540	2401
2541	3355
2542	11
2543	2304
2544	3437
2545	973
2546	1146
2547	174
2548	1786
2549	283
2550	1787
2551	2010
2552	2448
2553	2812
2554	987
2555	993
2556	2381
2557	3308
2558	1084
2559	3332
2560	1779
2561	1522
2562	2438
2563	3209
2564	252
2565	1079
2566	1497
2567	3475
2568	1979
2569	485
2570	1563
2571	1892
2572	2769
2573	2460
2574	461
2575	2295
2576	1099
2577	344
2578	1139
2579	2775
2580	546
2581	502
2582	2416
2583	197
2584	2276
2585	1956
2586	1032
2587	816
2588	143
2589	319
2590	1774
2591	1748
2592	3424
2593	232
2594	3086
2595	2893
2596	1893
2597	2166
2598	1305
2599	914
2600	2448
2601	2282
2602	1584
2603	406
2604	2883
2605	1297
2606	1588
2607	2076
2608	989
2609	992
2610	3433
2611	742
2612	1411
2613	1459
2614	768
2615	2285
2616	438
2617	963
2618	3081
2619	2018
2620	1227
2621	2153
2622	654
2623	1741
2624	2988
2625	1922
2626	1094
2627	18
2628	1394
2629	3481
2630	726
2631	834
2632	2876
2633	3372
2634	788
2635	1943
2636	1382
2637	2621
2638	551
2639	1733
2640	1547
2641	1464
2642	1154
2643	1643
2644	2522
2645	3438
2646	1025
2647	3147
2648	854
2649	1203
2650	2872
2651	1038
2652	413
2653	713
2654	496
2655	2017
2656	2223
2657	115
2658	2527
2659	679
2660	2383
2661	1295
2662	1851
2663	2023
2664	2331
2665	471
2666	1536
2667	2320
2668	1180
2669	108
2670	3044
2671	1459
2672	2363
2673	3281
2674	274
2675	568
2676	1928
2677	3092
2678	131
2679	2838
2680	2944
2681	1209
2682	2533
2683	1649
2684	1309
2685	2339
2686	2157
2687	1613
2688	1327
2689	219
2690	3460
2691	626
2692	209
2693	278
2694	1545
2695	881
2696	550
2697	2135
2698	1513
2699	393
2700	2490
2701	3487
2702	3302
2703	2384
2704	3217
2705	345
2706	1181
2707	525
2708	1268
2709	3344
2710	2231
2711	3186
2712	1790
2713	566
2714	2006
2715	1497
2716	1450
2717	1029
2718	1904
2719	1979
2720	473
2721	2845
2722	149
2723	1647
2724	1399
2725	895
2726	2919
2727	1465
2728	1375
2729	2621
2730	2204
2731	754
2732	3489
2733	2905
2734	1438
2735	2699
2736	1397
2737	1252
2738	901
2739	643
2740	400
2741	876
2742	2610
2743	486
2744	2966
2745	712
2746	295
2747	1447
2748	2311
2749	1629
2750	2894
2751	2864
2752	2728
2753	1076
2754	2838
2755	1992
2756	516
2757	21
2758	1232
2759	690
2760	2100
2761	1689
2762	1605
2763	3146
2764	3474
2765	1364
2766	1132
2767	2904
2768	1251
2769	1367
2770	3291
2771	2665
2772	1224
2773	2644
2774	354
2775	645
2776	3270
2777	1017
2778	1174
2779	991
2780	298
2781	1303
2782	305
2783	190
2784	2107
2785	2759
2786	2232
2787	350
2788	2262
2789	560
2790	2437
2791	3159
2792	1506
2793	2709
2794	3382
2795	351
2796	1477
2797	1150
2798	3291
2799	2443
2800	1607
2801	2518
2802	2568
2803	79
2804	822
2805	1911
2806	1412
2807	2787
2808	816
2809	1294
2810	748
2811	2183
2812	1636
2813	1115
2814	1548
2815	2881
2816	3499
2817	2900
2818	1442
2819	701
2820	59
2821	1182
2822	2537
2823	506
2824	1398
2825	1661
2826	3190
2827	1625
2828	383
2829	2260
2830	1063
2831	2317
2832	475
2833	157
2834	304
2835	976
2836	3418
2837	219
2838	1901
2839	3275
2840	1292
2841	2947
2842	2130
2843	2545
2844	288
2845	306
2846	1728
2847	2139
2848	1359
2849	2136
2850	3401
2851	3007
2852	2267
2853	670
2854	3164
2855	1919
2856	2569
2857	1453
2858	1669
2859	2946
2860	187
2861	476
2862	785
2863	2111
2864	1120
2865	1121
2866	480
2867	1116
2868	2117
2869	3037
2870	1924
2871	2074
2872	412
2873	3044
2874	1356
2875	1546
2876	2340
2877	2458
2878	300
2879	876
2880	528
2881	3369
2882	1476
2883	3045
2884	535
2885	201
2886	1803
2887	1903
2888	1466
2889	1206
2890	653
2891	2860
2892	3298
2893	1254
2894	1651
2895	490
2896	1434
2897	3258
2898	1421
2899	164
2900	1075
2901	3087
2902	3260
2903	2842
2904	59
2905	436
2906	2039
2907	3244
2908	1349
2909	1944
2910	1434
2911	2246
2912	2600
2913	1186
2914	863
2915	3089
2916	3259
2917	2195
2918	821
2919	3334
2920	3423
2921	52
2922	2846
2923	2200
2924	2843
2925	3074
2926	1879
2927	2813
2928	2876
2929	2391
2930	69
2931	2051
2932	2742
2933	3224
2934	3399
2935	2661
2936	14
2937	1165
2938	2702
2939	1117
2940	2708
2941	1363
2942	525
2943	2287
2944	1704
2945	824
2946	3393
2947	409
2948	249
2949	1562
2950	1167
2951	1619
2952	1025
2953	1380
2954	2951
2955	780
2956	1244
2957	2035
2958	2020
2959	2183
2960	614
2961	3081
2962	798
2963	2679
2964	3144
2965	428
2966	1973
2967	180
2968	1019
2969	1018
2970	2490
2971	2565
2972	3480
2973	1708
2974	2358
2975	107
2976	1644
2977	2071
2978	2369
2979	466
2980	3241
2981	3404
2982	2891
2983	3294
2984	2799
2985	247
2986	3042
2987	897
2988	2137
2989	2445
2990	1795
2991	176
2992	1207
2993	984
2994	2629
2995	3115
2996	70
2997	1167
2998	2674
2999	3264
3000	2837
3001	2824
3002	2288
3003	2568
3004	948
3005	1854
3006	66
3007	1577
3008	2113
3009	1108
3010	2342
3011	1373
3012	136
3013	2208
3014	2372
3015	2858
3016	1796
3017	3258
3018	3423
3019	2953
3020	285
3021	440
3022	683
3023	1601
3024	2322
3025	102
3026	2365
3027	2395
3028	3011
3029	520
3030	147
3031	1273
3032	1469
3033	1291
3034	3478
3035	723
3036	674
3037	3438
3038	1737
3039	16
3040	2299
3041	300
3042	1650
3043	458
3044	764
3045	1122
3046	1885
3047	3076
3048	2295
3049	531
3050	1732
3051	1937
3052	1638
3053	1600
3054	177
3055	3250
3056	3027
3057	2564
3058	3246
3059	2525
3060	543
3061	3112
3062	3126
3063	523
3064	2184
3065	3039
3066	2167
3067	1926
3068	1
3069	313
3070	500
3071	2033
3072	3245
3073	479
3074	2667
3075	3251
3076	2637
3077	672
3078	1287
3079	1454
3080	2398
3081	1344
3082	1702
3083	1877
3084	2921
3085	3439
3086	1940
3087	105
3088	2349
3089	1409
3090	1579
3091	1412
3092	466
3093	334
3094	1831
3095	2515
3096	542
3097	2492
3098	1890
3099	1012
3100	492
3101	2051
3102	1531
3103	2445
3104	3088
3105	3194
3106	967
3107	2696
3108	1585
3109	773
3110	2254
3111	1136
3112	2000
3113	356
3114	3288
3115	1091
3116	3467
3117	3046
3118	938
3119	2135
3120	421
3121	1718
3122	2287
3123	3429
3124	3004
3125	1859
3126	1971
3127	3163
3128	1192
3129	394
3130	1531
3131	2580
3132	2421
3133	853
3134	3218
3135	2948
3136	2815
3137	3487
3138	3071
3139	566
3140	100
3141	2393
3142	2623
3143	2630
3144	2203
3145	1108
3146	2138
3147	1576
3148	2701
3149	2611
3150	74
3151	1673
3152	2717
3153	2462
3154	578
3155	3478
3156	2229
3157	3202
3158	3212
3159	2979
3160	2705
3161	93
3162	950
3163	520
3164	3137
3165	918
3166	1433
3167	2008
3168	484
3169	2955
3170	3073
3171	2247
3172	654
3173	1409
3174	3462
3175	1046
3176	2992
3177	3115
3178	648
3179	2151
3180	2906
3181	1789
3182	2596
3183	1008
3184	756
3185	2444
3186	978
3187	946
3188	2200
3189	1387
3190	947
3191	3095
3192	1640
3193	3073
3194	3267
3195	1697
3196	814
3197	3496
3198	1234
3199	1302
3200	2146
3201	2139
3202	2793
3203	2735
3204	3068
3205	254
3206	2559
3207	2227
3208	3065
3209	3422
3210	3299
3211	1738
3212	2142
3213	1886
3214	392
3215	1638
3216	3342
3217	1773
3218	1238
3219	85
3220	1487
3221	1537
3222	829
3223	250
3224	3378
3225	2466
3226	939
3227	3162
3228	2521
3229	2923
3230	1527
3231	1099
3232	2939
3233	448
3234	326
3235	3366
3236	189
3237	1574
3238	1834
3239	2202
3240	3367
3241	836
3242	1526
3243	719
3244	837
3245	650
3246	2206
3247	289
3248	1266
3249	756
3250	1830
3251	2417
3252	2427
3253	200
3254	1541
3255	3043
3256	2460
3257	1310
3258	449
3259	1446
3260	2655
3261	417
3262	379
3263	706
3264	596
3265	2235
3266	3474
3267	2681
3268	971
3269	226
3270	3066
3271	3120
3272	443
3273	3311
3274	528
3275	3118
3276	218
3277	2782
3278	337
3279	493
3280	2193
3281	2836
3282	428
3283	2874
3284	2672
3285	2916
3286	1014
3287	782
3288	1305
3289	3357
3290	484
3291	558
3292	2553
3293	3420
3294	2056
3295	3252
3296	2938
3297	3023
3298	671
3299	1777
3300	3223
3301	1718
3302	1468
3303	2069
3304	2162
3305	687
3306	2811
3307	53
3308	2207
3309	1397
3310	90
3311	1560
3312	2599
3313	1631
3314	641
3315	2487
3316	1991
3317	1241
3318	718
3319	910
3320	359
3321	1612
3322	97
3323	168
3324	3312
3325	1920
3326	1121
3327	2019
3328	3473
3329	2266
3330	3169
3331	1885
3332	1584
3333	2428
3334	217
3335	3140
3336	17
3337	2704
3338	1208
3339	751
3340	1324
3341	2152
3342	3414
3343	69
3344	2583
3345	295
3346	1495
3347	3347
3348	2169
3349	3243
3350	2945
3351	1315
3352	2453
3353	3135
3354	3011
3355	5
3356	3302
3357	2646
3358	886
3359	2899
3360	2720
3361	56
3362	1368
3363	3010
3364	2467
3365	658
3366	2786
3367	2507
3368	339
3369	375
3370	1326
3371	1855
3372	2650
3373	1182
3374	2593
3375	3428
3376	1864
3377	830
3378	1362
3379	689
3380	1379
3381	37
3382	31
3383	1879
3384	1464
3385	1967
3386	2253
3387	3347
3388	514
3389	1246
3390	1626
3391	3273
3392	1553
3393	1926
3394	739
3395	2423
3396	1713
3397	2143
3398	2201
3399	3256
3400	2542
3401	3458
3402	2768
3403	226
3404	474
3405	2846
3406	2379
3407	2341
3408	2701
3409	1392
3410	937
3411	1420
3412	800
3413	552
3414	2720
3415	634
3416	1404
3417	2395
3418	3352
3419	766
3420	3264
3421	498
3422	2012
3423	1243
3424	866
3425	3296
3426	121
3427	1787
3428	218
3429	2484
3430	899
3431	1271
3432	1888
3433	3381
3434	2327
3435	2501
3436	2869
3437	3356
3438	980
3439	2755
3440	2273
3441	2386
3442	554
3443	3103
3444	1245
3445	2971
3446	2388
3447	2180
3448	2631
3449	1228
3450	2062
3451	3192
3452	521
3453	591
3454	1211
3455	237
3456	3224
3457	1024
3458	2524
3459	399
3460	585
3461	1641
3462	213
3463	579
3464	2390
3465	3181
3466	3448
3467	1478
3468	2073
3469	2987
3470	1028
3471	1344
3472	681
3473	616
3474	1425
3475	45
3476	2455
3477	891
3478	2629
3479	2908
3480	622
3481	237
3482	2090
3483	1160
3484	510
3485	547
3486	400
3487	2628
3488	2344
3489	404
3490	338
3491	1701
3492	1052
3493	730
3494	405
3495	163
3496	1595
3497	1759
3498	3290
3499	2540
3500	958
3501	451
3502	3275
3503	283
3504	763
3505	3000
3506	850
3507	2463
3508	759
3509	1101
3510	968
3511	3318
3512	90
3513	3151
3514	316
3515	188
3516	793
3517	2280
3518	1951
3519	3395
3520	1326
3521	1753
3522	2418
3523	387
3524	2323
3525	1875
3526	162
3527	1467
3528	1060
3529	1477
3530	1125
3531	364
3532	588
3533	699
3534	1062
3535	2248
3536	304
3537	3477
3538	3477
3539	1717
3540	3161
3541	3159
3542	1354
3543	911
3544	2771
3545	2047
3546	3488
3547	1264
3548	2793
3549	3316
3550	323
3551	2083
3552	823
3553	2968
3554	2587
3555	229
3556	1501
3557	3453
3558	2870
3559	1097
3560	1597
3561	2485
3562	1832
3563	3418
3564	2582
3565	101
3566	2657
3567	2782
3568	3087
3569	396
3570	1290
3571	192
3572	3327
3573	2346
3574	549
3575	1200
3576	2302
3577	910
3578	122
3579	2534
3580	1982
3581	2743
3582	2004
3583	1869
3584	2438
3585	2548
3586	415
3587	1155
3588	320
3589	2145
3590	2387
3591	2819
3592	474
3593	1358
3594	91
3595	104
3596	1959
3597	443
3598	1
3599	97
3600	3329
3601	1306
3602	1334
3603	1309
3604	2489
3605	3005
3606	1580
3607	3202
3608	2485
3609	301
3610	2831
3611	2775
3612	1474
3613	1268
3614	3041
3615	961
3616	310
3617	1080
3618	2671
3619	160
3620	3197
3621	779
3622	613
3623	1318
3624	2362
3625	315
3626	3375
3627	435
3628	2707
3629	262
3630	1313
3631	3217
3632	2626
3633	30
3634	3289
3635	2118
3636	3048
3637	2155
3638	903
3639	646
3640	2219
3641	282
3642	7
3643	1411
3644	3361
3645	1532
3646	3097
3647	508
3648	2244
3649	3339
3650	1808
3651	663
3652	1390
3653	192
3654	1999
3655	3000
3656	998
3657	2763
3658	416
3659	1087
3660	1742
3661	2641
3662	2363
3663	2798
3664	924
3665	1525
3666	2520
3667	2066
3668	3253
3669	936
3670	2719
3671	696
3672	1336
3673	974
3674	786
3675	1557
3676	1617
3677	2172
3678	279
3679	1540
3680	2835
3681	336
3682	2906
3683	2977
3684	3348
3685	1358
3686	1256
3687	1932
3688	1756
3689	1592
3690	3490
3691	1060
3692	2772
3693	11
3694	764
3695	2234
3696	1654
3697	1986
3698	151
3699	1242
3700	1048
3701	1023
3702	1652
3703	1011
3704	813
3705	1414
3706	925
3707	1786
3708	3404
3709	2010
3710	14
3711	3377
3712	765
3713	177
3714	2726
3715	2291
3716	1508
3717	2254
3718	1446
3719	2781
3720	2167
3721	2147
3722	27
3723	1730
3724	2730
3725	3099
3726	1800
3727	3055
3728	51
3729	2776
3730	767
3731	441
3732	2408
3733	975
3734	1909
3735	1740
3736	2888
3737	929
3738	2718
3739	2424
3740	3245
3741	1945
3742	2175
3743	1162
3744	1738
3745	36
3746	1414
3747	1342
3748	2354
3749	651
3750	305
3751	3282
3752	1617
3753	2310
3754	2054
3755	3277
3756	954
3757	778
3758	714
3759	1178
3760	1988
3761	1002
3762	220
3763	1592
3764	2015
3765	1153
3766	974
3767	2282
3768	2472
3769	883
3770	2279
3771	1865
3772	622
3773	1578
3774	877
3775	2957
3776	1092
3777	934
3778	2721
3779	645
3780	2467
3781	1546
3782	2881
3783	1835
3784	928
3785	138
3786	2897
3787	1227
3788	2431
3789	1533
3790	733
3791	819
3792	363
3793	1204
3794	2186
3795	3230
3796	2296
3797	884
3798	1507
3799	1490
3800	12
3801	2751
3802	3426
3803	407
3804	701
3805	2814
3806	3303
3807	349
3808	2240
3809	1080
3810	433
3811	3293
3812	3454
3813	2007
3814	2433
3815	1852
3816	2346
3817	2194
3818	1676
3819	3127
3820	2689
3821	2975
3822	340
3823	640
3824	1687
3825	3493
3826	1157
3827	1983
3828	2108
3829	750
3830	3077
3831	2384
3832	1352
3833	3110
3834	1110
3835	1126
3836	166
3837	493
3838	2367
3839	2703
3840	2753
3841	411
3842	2865
3843	2828
3844	724
3845	44
3846	2400
3847	1093
3848	1632
3849	677
3850	2002
3851	3232
3852	1571
3853	2534
3854	2280
3855	1059
3856	124
3857	670
3858	1260
3859	1232
3860	569
3861	2391
3862	3152
3863	1399
3864	2334
3865	292
3866	2348
3867	245
3868	2800
3869	1196
3870	1916
3871	1663
3872	1721
3873	3129
3874	1219
3875	3492
3876	3392
3877	2150
3878	2694
3879	2785
3880	3191
3881	2008
3882	1270
3883	648
3884	3416
3885	409
3886	2851
3887	950
3888	3125
3889	2562
3890	743
3891	800
3892	416
3893	2885
3894	2446
3895	1253
3896	1381
3897	2489
3898	919
3899	600
3900	1339
3901	3328
3902	2508
3903	2156
3904	1770
3905	2925
3906	1376
3907	565
3908	2521
3909	2633
3910	186
3911	1322
3912	2666
3913	1417
3914	1777
3915	3247
3916	801
3917	3053
3918	3186
3919	1486
3920	2088
3921	2915
3922	1346
3923	681
3924	43
3925	3365
3926	1615
3927	2663
3928	23
3929	1958
3930	3112
3931	1483
3932	3027
3933	673
3934	364
3935	2814
3936	2535
3937	1472
3938	144
3939	293
3940	1014
3941	969
3942	2611
3943	513
3944	3337
3945	259
3946	1365
3947	724
3948	3286
3949	1065
3950	2563
3951	2739
3952	147
3953	3317
3954	3384
3955	593
3956	3387
3957	1217
3958	1172
3959	2513
3960	2358
3961	2645
3962	2231
3963	783
3964	1286
3965	60
3966	708
3967	2310
3968	1475
3969	886
3970	120
3971	2605
3972	2958
3973	1260
3974	508
3975	1248
3976	378
3977	1283
3978	3246
3979	2337
3980	176
3981	636
3982	2069
3983	1772
3984	591
3985	2067
3986	2447
3987	3470
3988	3420
3989	1620
3990	2199
3991	3434
3992	222
3993	3095
3994	1594
3995	1388
3996	2763
3997	2306
3998	774
3999	1116
4000	323
4001	153
4002	2739
4003	2717
4004	2631
4005	3398
4006	2768
4007	3012
4008	1574
4009	2150
4010	2787
4011	1980
4012	65
4013	779
4014	2281
4015	1675
4016	3387
4017	2901
4018	492
4019	2057
4020	2144
4021	1111
4022	1524
4023	96
4024	1775
4025	1096
4026	1691
4027	2935
4028	1864
4029	1205
4030	2220
4031	406
4032	2773
4033	2654
4034	789
4035	667
4036	1722
4037	1360
4038	1123
4039	170
4040	2256
4041	3472
4042	1846
4043	749
4044	1487
4045	2693
4046	195
4047	3335
4048	1296
4049	2132
4050	251
4051	2480
4052	490
4053	3334
4054	2308
4055	634
4056	2264
4057	1857
4058	2072
4059	2528
4060	178
4061	2435
4062	3483
4063	2632
4064	1261
4065	2593
4066	1244
4067	2508
4068	504
4069	2898
4070	1832
4071	240
4072	1296
4073	2576
4074	2945
4075	2466
4076	3339
4077	389
4078	2590
4079	695
4080	2173
4081	1812
4082	2544
4083	3029
4084	2779
4085	2168
4086	2456
4087	2928
4088	2367
4089	2746
4090	3280
4091	3318
4092	296
4093	72
4094	1420
4095	162
4096	721
4097	2119
4098	1013
4099	2148
4100	2486
4101	2758
4102	1258
4103	84
4104	238
4105	518
4106	1883
4107	1010
4108	2928
4109	1577
4110	695
4111	187
4112	758
4113	524
4114	2990
4115	2805
4116	2359
4117	2917
4118	2177
4119	2684
4120	1714
4121	431
4122	3220
4123	649
4124	1225
4125	367
4126	1422
4127	2408
4128	2218
4129	1685
4130	769
4131	2803
4132	1465
4133	1991
4134	2388
4135	369
4136	1351
4137	2100
4138	2894
4139	2191
4140	1340
4141	3374
4142	3293
4143	3032
4144	2666
4145	831
4146	685
4147	2679
4148	311
4149	2728
4150	3172
4151	1166
4152	930
4153	447
4154	287
4155	2083
4156	1382
4157	1263
4158	3025
4159	651
4160	2783
4161	1883
4162	2767
4163	513
4164	3346
4165	277
4166	2820
4167	2677
4168	1264
4169	1213
4170	3030
4171	1663
4172	1228
4173	3045
4174	2270
4175	3234
4176	3034
4177	2505
4178	903
4179	956
4180	1560
4181	1844
4182	1990
4183	1114
4184	1273
4185	1892
4186	3303
4187	287
4188	1209
4189	276
4190	1316
4191	2895
4192	248
4193	1626
4194	930
4195	941
4196	996
4197	82
4198	2942
4199	1570
4200	2441
4201	2636
4202	3426
4203	1625
4204	2777
4205	2340
4206	1149
4207	2993
4208	2420
4209	320
4210	3456
4211	970
4212	1575
4213	3004
4214	3062
4215	3015
4216	958
4217	441
4218	108
4219	1740
4220	1997
4221	2999
4222	2886
4223	1082
4224	787
4225	114
4226	384
4227	612
4228	855
4229	231
4230	1858
4231	861
4232	2857
4233	1258
4234	605
4235	20
4236	2493
4237	166
4238	2820
4239	2171
4240	720
4241	3305
4242	1136
4243	1554
4244	3156
4245	858
4246	1401
4247	2971
4248	2110
4249	2517
4250	489
4251	1700
4252	2464
4253	1782
4254	1029
4255	624
4256	3439
4257	2813
4258	1286
4259	2980
4260	3054
4261	250
4262	1259
4263	2269
4264	1307
4265	1468
4266	3396
4267	1641
4268	267
4269	1169
4270	1788
4271	2096
4272	2404
4273	2286
4274	1179
4275	2025
4276	2215
4277	1481
4278	1737
4279	647
4280	1942
4281	3472
4282	3470
4283	1593
4284	1033
4285	2160
4286	2179
4287	3114
4288	3336
4289	3351
4290	2324
4291	2938
4292	2016
4293	867
4294	1747
4295	2792
4296	3280
4297	3459
4298	324
4299	1204
4300	2331
4301	2900
4302	2233
4303	952
4304	2902
4305	2617
4306	2837
4307	907
4308	969
4309	1667
4310	1018
4311	3061
4312	168
4313	1050
4314	1530
4315	291
4316	1391
4317	134
4318	3065
4319	929
4320	3482
4321	3322
4322	1526
4323	3393
4324	2539
4325	673
4326	2202
4327	1978
4328	2655
4329	3070
4330	2004
4331	2748
4332	1416
4333	1023
4334	2651
4335	1036
4336	384
4337	2015
4338	1865
4339	807
4340	35
4341	285
4342	2495
4343	1977
4344	496
4345	678
4346	3107
4347	2686
4348	3163
4349	18
4350	1491
4351	1143
4352	489
4353	154
4354	1064
4355	596
4356	1044
4357	1454
4358	137
4359	374
4360	3361
4361	2136
4362	1952
4363	2058
4364	691
4365	1405
4366	1047
4367	2124
4368	3099
4369	81
4370	606
4371	3155
4372	1779
4373	2038
4374	2956
4375	3330
4376	761
4377	512
4378	3108
4379	590
4380	3059
4381	2397
4382	1000
4383	227
4384	2917
4385	1936
4386	2152
4387	1010
4388	2437
4389	3411
4390	1153
4391	1393
4392	3157
4393	3425
4394	2158
4395	2591
4396	2841
4397	537
4398	3428
4399	2887
4400	2727
4401	712
4402	1067
4403	1814
4404	100
4405	2757
4406	633
4407	1961
4408	3203
4409	2061
4410	2834
4411	2988
4412	632
4413	2515
4414	371
4415	1724
4416	3207
4417	710
4418	2031
4419	2969
4420	1009
4421	666
4422	61
4423	229
4424	2414
4425	506
4426	3107
4427	3056
4428	2957
4429	386
4430	2973
4431	917
4432	1384
4433	32
4434	3154
4435	655
4436	3495
4437	2896
4438	551
4439	1628
4440	2493
4441	282
4442	3496
4443	3160
4444	2038
4445	411
4446	2868
4447	1772
4448	966
4449	2871
4450	2027
4451	2465
4452	1977
4453	1133
4454	2829
4455	519
4456	893
4457	257
4458	88
4459	2967
4460	546
4461	967
4462	2935
4463	1870
4464	2428
4465	935
4466	638
4467	1142
4468	256
4469	2931
4470	3325
4471	3394
4472	3187
4473	1555
4474	1263
4475	1650
4476	1872
4477	527
4478	2657
4479	1197
4480	3146
4481	2989
4482	2656
4483	1109
4484	1170
4485	2399
4486	511
4487	1428
4488	1692
4489	2749
4490	692
4491	1653
4492	193
4493	1890
4494	1944
4495	2126
4496	1842
4497	2569
4498	6
4499	2007
4500	481
4501	251
4502	3422
4503	1583
4504	253
4505	719
4506	2544
4507	1610
4508	1972
4509	444
4510	677
4511	1005
4512	2519
4513	1369
4514	1725
4515	2252
4516	2336
4517	1378
4518	2675
4519	2849
4520	1324
4521	697
4522	3458
4523	345
4524	1180
4525	1781
4526	2926
4527	830
4528	340
4529	3008
4530	1682
4531	2425
4532	1239
4533	3465
4534	252
4535	3042
4536	2093
4537	2357
4538	704
4539	3050
4540	1295
4541	2959
4542	1575
4543	1681
4544	557
4545	438
4546	174
4547	570
4548	3090
4549	1848
4550	808
4551	3430
4552	42
4553	61
4554	458
4555	2882
4556	3007
4557	2531
4558	2077
4559	2459
4560	792
4561	2343
4562	3006
4563	94
4564	985
4565	2819
4566	3083
4567	2937
4568	652
4569	1266
4570	981
4571	2903
4572	1939
4573	3149
4574	430
4575	592
4576	2605
4577	1603
4578	2827
4579	3064
4580	2762
4581	1024
4582	2025
4583	1300
4584	2880
4585	2421
4586	1847
4587	451
4588	269
4589	1741
4590	1259
4591	3176
4592	725
4593	2022
4594	587
4595	2307
4596	2896
4597	2268
4598	608
4599	2469
4600	2077
4601	988
4602	1036
4603	1131
4604	2073
4605	2442
4606	2188
4607	2016
4608	2307
4609	40
4610	592
4611	1364
4612	2743
4613	937
4614	2993
4615	2410
4616	1220
4617	3244
4618	1620
4619	1573
4620	2328
4621	260
4622	1041
4623	2210
4624	606
4625	1947
4626	1501
4627	1198
4628	2747
4629	159
4630	1766
4631	567
4632	366
4633	732
4634	1419
4635	2729
4636	275
4637	1843
4638	983
4639	1873
4640	1516
4641	3380
4642	796
4643	945
4644	118
4645	1161
4646	75
4647	2436
4648	1371
4649	2228
4650	2210
4651	3454
4652	598
4653	3174
4654	1055
4655	900
4656	1294
4657	1343
4658	2996
4659	1932
4660	3314
4661	3059
4662	2848
4663	2877
4664	531
4665	935
4666	1590
4667	2163
4668	1693
4669	1130
4670	3207
4671	111
4672	2680
4673	629
4674	1530
4675	3020
4676	2598
4677	713
4678	2244
4679	2804
4680	1800
4681	863
4682	2341
4683	363
4684	314
4685	1656
4686	2312
4687	424
4688	2474
4689	1196
4690	792
4691	2311
4692	2613
4693	2756
4694	1538
4695	1906
4696	3111
4697	2790
4698	976
4699	1750
4700	810
4701	2526
4702	17
4703	3452
4704	1870
4705	3017
4706	994
4707	157
4708	3390
4709	3451
4710	1627
4711	3431
4712	1317
4713	3061
4714	3157
4715	925
4716	616
4717	3158
4718	2114
4719	2414
4720	1255
4721	3050
4722	1079
4723	1419
4724	846
4725	2087
4726	1201
4727	2067
4728	2220
4729	1525
4730	3444
4731	1288
4732	3425
4733	3047
4734	1073
4735	1337
4736	3263
4737	2462
4738	2030
4739	2319
4740	44
4741	532
4742	1951
4743	1314
4744	292
4745	1646
4746	1849
4747	2853
4748	2570
4749	2180
4750	2738
4751	2831
4752	524
4753	3277
4754	3204
4755	408
4756	1304
4757	842
4758	1026
4759	947
4760	2955
4761	1957
4762	2571
4763	1917
4764	206
4765	725
4766	3498
4767	1538
4768	155
4769	1841
4770	3219
4771	1359
4772	2809
4773	2236
4774	155
4775	536
4776	1267
4777	430
4778	366
4779	3433
4780	3040
4781	1219
4782	1933
4783	2662
4784	1948
4785	2407
4786	3319
4787	1913
4788	296
4789	1145
4790	3190
4791	1267
4792	1515
4793	1682
4794	1126
4795	3394
4796	748
4797	1964
4798	26
4799	2327
4800	983
4801	1398
4802	3292
4803	28
4804	1072
4805	1804
4806	2383
4807	1163
4808	20
4809	370
4810	2949
4811	2259
4812	1884
4813	881
4814	1747
4815	3003
4816	420
4817	1971
4818	1195
4819	1370
4820	342
4821	1978
4822	1909
4823	2589
4824	2475
4825	1936
4826	2652
4827	1250
4828	3436
4829	3324
4830	2523
4831	1673
4832	2761
4833	1705
4834	1594
4835	2723
4836	1675
4837	1160
4838	522
4839	1159
4840	315
4841	1570
4842	762
4843	590
4844	1415
4845	3436
4846	2673
4847	111
4848	77
4849	2761
4850	2873
4851	1506
4852	2801
4853	1277
4854	3035
4855	2240
4856	3329
4857	403
4858	2708
4859	1363
4860	391
4861	3008
4862	1353
4863	3300
4864	395
4865	3150
4866	817
4867	787
4868	178
4869	1256
4870	3189
4871	2375
4872	1783
4873	2510
4874	1123
4875	1082
4876	2090
4877	3013
4878	2880
4879	1216
4880	2686
4881	1335
4882	870
4883	2868
4884	934
4885	2065
4886	1003
4887	1280
4888	253
4889	214
4890	511
4891	3052
4892	2373
4893	1556
4894	1552
4895	1902
4896	2273
4897	577
4898	1521
4899	1819
4900	3003
4901	2607
4902	1488
4903	77
4904	2891
4905	290
4906	3248
4907	1240
4908	697
4909	1914
4910	1576
4911	2396
4912	1704
4913	67
4914	1529
4915	47
4916	2934
4917	1107
4918	3374
4919	846
4920	1331
4921	1498
4922	1089
4923	1231
4924	2047
4925	2396
4926	3085
4927	1311
4928	2852
4929	2696
4930	1366
4931	418
4932	1947
4933	1922
4934	34
4935	2372
4936	1860
4937	2470
4938	3129
4939	1713
4940	802
4941	3178
4942	1696
4943	851
4944	215
4945	327
4946	2571
4947	610
4948	3020
4949	1423
4950	2453
4951	828
4952	2795
4953	367
4954	2096
4955	1881
4956	2921
4957	1103
4958	1318
4959	1834
4960	257
4961	2309
4962	3456
4963	1611
4964	2985
4965	2617
4966	60
4967	3486
4968	893
4969	3251
4970	1070
4971	2910
4972	997
4973	385
4974	3383
4975	2627
4976	3138
4977	1147
4978	1421
4979	1429
4980	583
4981	118
4982	806
4983	3406
4984	802
4985	2092
4986	693
4987	146
4988	2143
4989	478
4990	794
4991	2481
4992	2076
4993	167
4994	683
4995	1736
4996	2892
4997	2817
4998	2099
4999	2537
5000	1301
5001	2185
5002	767
5003	1049
5004	2856
5005	631
5006	791
5007	2888
5008	2551
5009	3345
5010	3208
5011	2412
5012	2206
5013	1997
5014	3490
5015	2222
5016	1194
5017	855
5018	3445
5019	3397
5020	167
5021	3155
5022	541
5023	1471
5024	1314
5025	3046
5026	2841
5027	2673
5028	928
5029	87
5030	2911
5031	2912
5032	390
5033	2898
5034	426
5035	358
5036	243
5037	3084
5038	809
5039	3067
5040	2219
5041	897
5042	3103
5043	1033
5044	3009
5045	1882
5046	2378
5047	1176
5048	2904
5049	2994
5050	1764
5051	2952
5052	1400
5053	679
5054	2608
5055	1601
5056	1280
5057	2419
5058	3448
5059	1093
5060	1127
5061	2924
5062	909
5063	3237
5064	1325
5065	1007
5066	2817
5067	991
5068	3066
5069	194
5070	3023
5071	2380
5072	1193
5073	4
5074	467
5075	207
5076	2117
5077	3498
5078	2321
5079	1100
5080	621
5081	1778
5082	1187
5083	1252
5084	1604
5085	1908
5086	5
5087	498
5088	1239
5089	2542
5090	2687
5091	1455
5092	1994
5093	429
5094	2598
5095	1755
5096	1877
5097	2209
5098	80
5099	481
5100	3208
5101	1938
5102	1802
5103	2821
5104	3453
5105	818
5106	628
5107	2024
5108	1146
5109	278
5110	824
5111	3377
5112	797
5113	134
5114	1863
5115	3010
5116	2975
5117	2245
5118	1215
5119	1377
5120	537
5121	2963
5122	140
5123	2501
5124	1746
5125	2969
5126	3352
5127	569
5128	957
5129	1558
5130	541
5131	2913
5132	2092
5133	1544
5134	1837
5135	882
5136	2533
5137	2450
5138	284
5139	1893
5140	39
5141	3096
5142	2190
5143	1622
5144	562
5145	3283
5146	2597
5147	1876
5148	2691
5149	762
5150	3097
5151	1976
5152	473
5153	2286
5154	998
5155	245
5156	2572
5157	268
5158	2532
5159	3131
5160	1148
5161	2926
5162	477
5163	2531
5164	3153
5165	1919
5166	2170
5167	2964
5168	1174
5169	1703
5170	2737
5171	2560
5172	2689
5173	2116
5174	3133
5175	2706
5176	3093
5177	3469
5178	801
5179	2049
5180	1764
5181	2393
5182	1291
5183	1378
5184	1251
5185	1534
5186	1711
5187	3013
5188	1356
5189	3191
5190	660
5191	1839
5192	2498
5193	1543
5194	1163
5195	2115
5196	2165
5197	522
5198	227
5199	2866
5200	1733
5201	2227
5202	149
5203	3140
5204	398
5205	2380
5206	1960
5207	1347
5208	3083
5209	2587
5210	1304
5211	971
5212	1643
5213	238
5214	1235
5215	1250
5216	1371
5217	1624
5218	1812
5219	1769
5220	2727
5221	3170
5222	184
5223	2642
5224	869
5225	1889
5226	117
5227	1963
5228	3445
5229	2652
5230	3271
5231	395
5232	512
5233	1105
5234	3098
5235	572
5236	1217
5237	374
5238	3043
5239	1559
5240	2816
5241	2413
5242	2970
5243	2482
5244	398
5245	1729
5246	1111
5247	986
5248	1745
5249	610
5250	3084
5251	977
5252	2757
5253	3006
5254	165
5255	210
5256	847
5257	3243
5258	3052
5259	3343
5260	310
5261	1632
5262	1202
5263	3068
5264	2646
5265	2328
5266	2468
5267	3051
5268	1067
5269	705
5270	878
5271	2933
5272	3055
5273	580
5274	258
5275	2693
5276	2765
5277	703
5278	362
5279	1408
5280	2338
5281	225
5282	1095
5283	3322
5284	2958
5285	375
5286	3153
5287	397
5288	2160
5289	1077
5290	892
5291	2821
5292	743
5293	3222
5294	230
5295	1444
5296	2022
5297	2145
5298	2710
5299	1165
5300	2754
5301	3236
5302	1262
5303	2668
5304	1016
5305	2355
5306	88
5307	359
5308	909
5309	3182
5310	1762
5311	507
5312	852
5313	3279
5314	1401
5315	599
5316	95
5317	2992
5318	2742
5319	2807
5320	135
5321	500
5322	1811
5323	1333
5324	2799
5325	2651
5326	1841
5327	16
5328	3009
5329	1299
5330	3484
5331	849
5332	119
5333	2830
5334	1142
5335	3164
5336	2886
5337	841
5338	3025
5339	2417
5340	41
5341	2075
5342	540
5343	865
5344	1946
5345	2560
5346	3312
5347	3063
5348	859
5349	2816
5350	2105
5351	2851
5352	956
5353	476
5354	2853
5355	1190
5356	3494
5357	2524
5358	256
5359	1820
5360	1822
5361	684
5362	3248
5363	1343
5364	139
5365	3051
5366	3085
5367	284
5368	2620
5369	1346
5370	1013
5371	1400
5372	1906
5373	735
5374	2580
5375	2998
5376	1905
5377	10
5378	661
5379	1762
5380	1000
5381	2049
5382	536
5383	286
5384	1975
5385	386
5386	2030
5387	3029
5388	3174
5389	1132
5390	1183
5391	1730
5392	2436
5393	818
5394	3138
5395	39
5396	693
5397	2786
5398	1851
5399	243
5400	1958
5401	2247
5402	1534
5403	1815
5404	573
5405	3499
5406	577
5407	373
5408	3409
5409	1238
5410	144
5411	2351
5412	2188
5413	2555
5414	1342
5415	3320
5416	3048
5417	2676
5418	3383
5419	2899
5420	159
5421	2936
5422	1628
5423	497
5424	529
5425	1155
5426	613
5427	1857
5428	1440
5429	1128
5430	2241
5431	776
5432	35
5433	3446
5434	2426
5435	3330
5436	1658
5437	2556
5438	2633
5439	2164
5440	2643
5441	2085
5442	2060
5443	2338
5444	1859
5445	3449
5446	2205
5447	753
5448	1636
5449	128
5450	798
5451	2266
5452	1329
5453	2558
5454	1081
5455	223
5456	2766
5457	3268
5458	2218
5459	2986
5460	401
5461	1392
5462	1164
5463	604
5464	2045
5465	1913
5466	2798
5467	2627
5468	932
5469	872
5470	1276
5471	29
5472	2112
5473	757
5474	658
5475	1645
5476	72
5477	3178
5478	1311
5479	848
5480	1176
5481	735
5482	413
5483	1006
5484	2446
5485	923
5486	327
5487	1677
5488	661
5489	2756
5490	2271
5491	805
5492	1194
5493	685
5494	3270
5495	1876
5496	1151
5497	365
5498	1187
5499	2818
5500	993
5501	2294
5502	1871
5503	3452
5504	1095
5505	3371
5506	2360
5507	1518
5508	742
5509	924
5510	774
5511	1775
5512	1247
5513	1312
5514	3282
5515	198
5516	1131
5517	1934
5518	2879
5519	2730
5520	463
5521	478
5522	3235
5523	609
5524	261
5525	1563
5526	1797
5527	2178
5528	1882
5529	1109
5530	3056
5531	1372
5532	1331
5533	2248
5534	3390
5535	1544
5536	103
5537	519
5538	1555
5539	3354
5540	786
5541	1492
5542	202
5543	3067
5544	2732
5545	1965
5546	145
5547	1426
5548	2762
5549	2636
5550	3266
5551	1631
5552	1964
5553	487
5554	1692
5555	2645
5556	2857
5557	3171
5558	1565
5559	1707
5560	2471
5561	1583
5562	3289
5563	277
5564	2592
5565	1340
5566	1030
5567	1616
5568	220
5569	559
5570	3384
5571	826
5572	2106
5573	3139
5574	2087
5575	501
5576	1847
5577	2572
5578	1236
5579	689
5580	1333
5581	1603
5582	2924
5583	805
5584	1749
5585	2291
5586	1514
5587	2198
5588	3290
5589	2413
5590	1690
5591	2994
5592	3091
5593	2823
5594	193
5595	2754
5596	3263
5597	2927
5598	2834
5599	912
5600	2964
5601	559
5602	109
5603	3127
5604	1642
5605	2680
5606	736
5607	136
5608	2053
5609	804
5610	3449
5611	1341
5612	373
5613	3225
5614	1083
5615	2048
5616	2658
5617	1015
5618	1133
5619	997
5620	1619
5621	2464
5622	847
5623	1582
5624	2382
5625	2088
5626	1484
5627	809
5628	2313
5629	1463
5630	2353
5631	1908
5632	3317
5633	3273
5634	2249
5635	1899
5636	1956
5637	96
5638	1345
5639	877
5640	2475
5641	2476
5642	1490
5643	46
5644	1827
5645	2158
5646	2308
5647	2697
5648	1488
5649	2354
5650	3090
5651	1590
5652	2061
5653	41
5654	1185
5655	1793
5656	2536
5657	1598
5658	2644
5659	1199
5660	2642
5661	419
5662	2289
5663	2936
5664	1512
5665	1745
5666	1312
5667	3455
5668	845
5669	2517
5670	3203
5671	1806
5672	2399
5673	1058
5674	1437
5675	1042
5676	483
5677	2532
5678	521
5679	1192
5680	2619
5681	2179
5682	1940
5683	1433
5684	1985
5685	1665
5686	1241
5687	353
5688	575
5689	2357
5690	2209
5691	698
5692	1793
5693	2349
5694	1667
5695	55
5696	1970
5697	2684
5698	1742
5699	1606
5700	2981
5701	585
5702	2233
5703	885
5704	1815
5705	2081
5706	92
5707	666
5708	2867
5709	775
5710	923
5711	3078
5712	378
5713	747
5714	1026
5715	205
5716	3071
5717	2897
5718	835
5719	1602
5720	377
5721	682
5722	1658
5723	734
5724	1094
5725	1653
5726	3419
5727	55
5728	3497
5729	972
5730	3464
5731	3307
5732	446
5733	2986
5734	2579
5735	1168
5736	1934
5737	2591
5738	312
5739	1751
5740	208
5741	3254
5742	2949
5743	1992
5744	3494
5745	3500
5746	1449
5747	2635
5748	2716
5749	832
5750	3170
5751	422
5752	1118
5753	2567
5754	2731
5755	954
5756	3131
5757	2558
5758	2293
5759	2707
5760	3413
5761	206
5762	2298
5763	1205
5764	2866
5765	465
5766	3222
5767	3218
5768	3195
5769	1830
5770	1860
5771	3196
5772	2314
5773	2091
5774	482
5775	328
5776	472
5777	690
5778	3241
5779	1325
5780	2903
5781	1761
5782	2823
5783	996
5784	260
5785	2048
5786	3321
5787	297
5788	1517
5789	1177
5790	1996
5791	920
5792	3213
5793	676
5794	3213
5795	1078
5796	1437
5797	643
5798	2198
5799	1582
5800	3476
5801	129
5802	308
5803	2253
5804	2342
5805	1935
5806	617
5807	2159
5808	1751
5809	321
5810	2456
5811	3250
5812	357
5813	1988
5814	3184
5815	1517
5816	2648
5817	2738
5818	874
5819	1031
5820	1482
5821	1089
5822	1015
5823	457
5824	2270
5825	2324
5826	3413
5827	1945
5828	832
5829	3204
5830	2664
5831	515
5832	3279
5833	415
5834	1275
5835	1969
5836	2288
5837	1083
5838	2178
5839	2530
5840	127
5841	1362
5842	2968
5843	1330
5844	880
5845	2767
5846	2699
5847	618
5848	1002
5849	446
5850	2042
5851	234
5852	1323
5853	205
5854	2133
5855	755
5856	482
5857	1826
5858	3226
5859	1349
5860	280
5861	2486
5862	766
5863	439
5864	360
5865	1213
5866	2916
5867	1845
5868	372
5869	2300
5870	3169
5871	3057
5872	2878
5873	3057
5874	495
5875	2555
5876	3200
5877	938
5878	368
5879	2745
5880	2443
5881	2230
5882	1616
5883	2151
5884	2573
5885	2216
5886	1247
5887	1377
5888	2110
5889	3392
5890	3373
5891	2713
5892	628
5893	3294
5894	738
5895	927
5896	2792
5897	2547
5898	32
5899	2170
5900	3047
5901	3108
5902	1985
5903	1966
5904	1840
5905	15
5906	407
5907	1707
5908	1472
5909	1816
5910	704
5911	1791
5912	845
5913	2628
5914	1231
5915	3038
5916	1766
5917	2426
5918	3184
5919	2934
5920	2119
5921	1073
5922	1092
5923	2204
5924	2474
5925	682
5926	637
5927	1589
5928	317
5929	1137
5930	1784
5931	3308
5932	2648
5933	2941
5934	3363
5935	268
5936	3171
5937	453
5938	95
5939	1156
5940	795
5941	402
5942	1894
5943	2510
5944	1335
5945	1938
5946	755
5947	535
5948	3446
5949	3354
5950	1569
5951	1645
5952	533
5953	2609
5954	880
5955	2599
5956	1460
5957	1572
5958	676
5959	3463
5960	3123
5961	1456
5962	3016
5963	3257
5964	700
5965	65
5966	1840
5967	2859
5968	1320
5969	1057
5970	3368
5971	64
5972	439
5973	794
5974	2166
5975	2583
5976	2676
5977	1150
5978	3086
5979	597
5980	1557
5981	2668
5982	264
5983	2296
5984	249
5985	8
5986	2951
5987	1328
5988	1406
5989	842
5990	2335
5991	861
5992	2498
5993	255
5994	1842
5995	2379
5996	1403
5997	2168
5998	1077
5999	1323
6000	3075
6001	2907
6002	2176
6003	671
6004	1512
6005	873
6006	1524
6007	1001
6008	2315
6009	3296
6010	1999
6011	3276
6012	594
6013	838
6014	904
6015	319
6016	1680
6017	2432
6018	1128
6019	403
6020	3469
6021	912
6022	58
6023	2149
6024	1855
6025	3480
6026	2303
6027	1112
6028	1470
6029	2796
6030	2107
6031	120
6032	2573
6033	747
6034	401
6035	2735
6036	1432
6037	1946
6038	2174
6039	835
6040	1042
6041	2214
6042	3409
6043	183
6044	2041
6045	2494
6046	1589
6047	2513
6048	1535
6049	3238
6050	1846
6051	2298
6052	1046
6053	1222
6054	1989
6055	600
6056	2930
6057	2752
6058	2620
6059	919
6060	699
6061	1807
6062	3122
6063	1098
6064	1773
6065	1229
6066	377
6067	382
6068	2940
6069	2074
6070	1161
6071	2884
6072	3457
6073	1423
6074	631
6075	2264
6076	2870
6077	37
6078	1969
6079	1610
6080	1408
6081	3363
6082	921
6083	584
6084	849
6085	471
6086	2595
6087	621
6088	346
6089	2450
6090	331
6091	1894
6092	1185
6093	1374
6094	2190
6095	1987
6096	2492
6097	3410
6098	483
6099	1021
6100	2979
6101	414
6102	2410
6103	2818
6104	54
6105	1265
6106	659
6107	2086
6108	1471
6109	183
6110	410
6111	2914
6112	2960
6113	1332
6114	1088
6115	1039
6116	1606
6117	2615
6118	3336
6119	2859
6120	2539
6121	3484
6122	1365
6123	142
6124	2376
6125	1856
6126	132
6127	2303
6128	838
6129	1509
6130	2582
6131	1744
6132	3405
6133	1283
6134	1722
6135	2499
6136	2661
6137	224
6138	2157
6139	1193
6140	3351
6141	3105
6142	124
6143	109
6144	3451
6145	112
6146	1668
6147	172
6148	2977
6149	2378
6150	1235
6151	1299
6152	3188
6153	1814
6154	2491
6155	795
6156	2369
6157	904
6158	1270
6159	1188
6160	1413
6161	360
6162	674
6163	1043
6164	2616
6165	945
6166	2411
6167	1955
6168	83
6169	1797
6170	3124
6171	437
6172	1054
6173	2889
6174	848
6175	1818
6176	757
6177	3357
6178	3455
6179	1494
6180	2867
6181	3460
6182	1910
6183	3165
6184	184
6185	294
6186	1528
6187	10
6188	1352
6189	3338
6190	765
6191	3497
6192	2516
6193	1856
6194	25
6195	678
6196	1386
6197	813
6198	247
6199	127
6200	2133
6201	207
6202	2528
6203	3226
6204	2230
6205	1127
6206	2103
6207	3421
6208	266
6209	3239
6210	2140
6211	3491
6212	73
6213	920
6214	608
6215	3094
6216	156
6217	1813
6218	841
6219	3088
6220	2352
6221	274
6222	140
6223	2616
6224	1640
6225	1907
6226	1430
6227	1389
6228	1044
6229	2325
6230	1214
6231	1953
6232	3185
6233	1369
6234	1665
6235	2584
6236	1765
6237	2710
6238	3160
6239	3255
6240	2506
6241	2719
6242	414
6243	242
6244	1950
6245	3
6246	1679
6247	3079
6248	1543
6249	3070
6250	388
6251	2238
6252	1714
6253	2910
6254	988
6255	3323
6256	619
6257	1499
6258	1229
6259	1801
6260	3476
6261	3122
6262	526
6263	3435
6264	2747
6265	1844
6266	2855
6267	2890
6268	1061
6269	2082
6270	1341
6271	1975
6272	49
6273	3283
6274	1396
6275	1275
6276	3376
6277	1889
6278	1416
6279	33
6280	1550
6281	2053
6282	191
6283	42
6284	255
6285	2982
6286	3364
6287	271
6288	1039
6289	2472
6290	3139
6291	2658
6292	3002
6293	2844
6294	2068
6295	3019
6296	2064
6297	337
6298	332
6299	2653
6300	1448
6301	1226
6302	98
6303	2879
6304	2134
6305	2784
6306	64
6307	195
6308	423
6309	2256
6310	1651
6311	1166
6312	1307
6313	927
6314	2861
6315	738
6316	1289
6317	2238
6318	73
6319	2060
6320	3444
6321	2027
6322	2990
6323	1961
6324	3111
6325	435
6326	793
6327	1959
6328	2832
6329	2660
6330	1755
6331	9
6332	1164
6333	607
6334	669
6335	2199
6336	3415
6337	3239
6338	1249
6339	1697
6340	781
6341	2164
6342	2309
6343	3165
6344	2509
6345	2094
6346	3209
6347	259
6348	2884
6349	1520
6350	854
6351	2181
6352	727
6353	280
6354	3485
6355	660
6356	1328
6357	1072
6358	770
6359	2709
6360	3187
6361	68
6362	2795
6363	1504
6364	2260
6365	1332
6366	132
6367	2960
6368	2104
6369	1483
6370	27
6371	212
6372	2064
6373	2722
6374	2808
6375	887
6376	2779
6377	3431
6378	3118
6379	3098
6380	236
6381	2564
6382	1618
6383	1293
6384	1659
6385	294
6386	1551
6387	2109
6388	3117
6389	1572
6390	3012
6391	2108
6392	1523
6393	3324
6394	1502
6395	34
6396	731
6397	1933
6398	301
6399	1102
6400	2137
6401	3014
6402	1801
6403	2041
6404	119
6405	1866
6406	1943
6407	1554
6408	1370
6409	1330
6410	3401
6411	2487
6412	618
6413	1508
6414	1735
6415	2722
6416	2265
6417	710
6418	619
6419	1009
6420	1819
6421	1527
6422	1955
6423	1904
6424	2647
6425	2856
6426	1930
6427	1866
6428	1124
6429	1489
6430	3405
6431	1523
6432	3117
6433	2697
6434	2854
6435	2283
6436	468
6437	1448
6438	902
6439	1045
6440	1835
6441	821
6442	2907
6443	2469
6444	3149
6445	3407
6446	3338
6447	2602
6448	2290
6449	317
6450	2729
6451	2471
6452	78
6453	1460
6454	1765
6455	182
6456	3314
6457	264
6458	1306
6459	3105
6460	1520
6461	1605
6462	495
6463	467
6464	385
6465	1215
6466	1949
6467	1462
6468	390
6469	388
6470	2109
6471	491
6472	3019
6473	667
6474	2370
6475	389
6476	705
6477	1618
6478	607
6479	921
6480	952
6481	1347
6482	1822
6483	43
6484	3035
6485	3450
6486	1759
6487	3101
6488	3326
6489	494
6490	2758
6491	2750
6492	773
6493	581
6494	83
6495	240
6496	1462
6497	2981
6498	1386
6499	142
6500	1188
6501	2942
6502	230
6503	1565
6504	2337
6505	3261
6506	488
6507	2778
6508	3373
6509	2091
6510	175
6511	1724
6512	3434
6513	3364
6514	1220
6515	3417
6516	2314
6517	2491
6518	1807
6519	3450
6520	2271
6521	217
6522	3002
6523	1221
6524	1614
6525	368
6526	179
6527	1771
6528	53
6529	2989
6530	3345
6531	1222
6532	2890
6533	2690
6534	1214
6535	2141
6536	1811
6537	1968
6538	3082
6539	2355
6540	186
6541	2995
6542	3482
6543	346
6544	2419
6545	1788
6546	1768
6547	977
6548	3368
6549	130
6550	630
6551	233
6552	3310
6553	116
6554	526
6555	2120
6556	2257
6557	2325
6558	297
6559	1930
6560	2373
6561	2982
6562	2241
6563	2239
6564	1611
6565	3435
6566	2039
6567	2470
6568	992
6569	870
6570	1177
6571	175
6572	266
6573	2082
6574	1338
6575	1190
6576	2232
6577	2435
6578	2495
6579	1432
6580	3399
6581	2343
6582	1118
6583	135
6584	554
6585	2217
6586	1455
6587	222
6588	1064
6589	1223
6590	872
6591	2121
6592	2315
6593	1168
6594	1494
6595	1308
6596	2265
6597	2249
6598	343
6599	1140
6600	831
6601	1968
6602	3410
6603	2371
6604	2243
6605	3385
6606	113
6607	437
6608	308
6609	509
6610	2028
6611	3100
6612	2259
6613	2852
6614	1162
6615	2214
6616	3461
6617	640
6618	347
6619	1388
6620	1710
6621	1878
6622	3407
6623	453
6624	1439
6625	3166
6626	2635
6627	1962
6628	3337
6629	2530
6630	775
6631	791
6632	49
6633	3461
6634	708
6635	2647
6636	2068
6637	1726
6638	2839
6639	652
6640	1862
6641	1898
6642	1539
6643	2980
6644	3201
6645	1054
6646	1878
6647	2263
6648	1020
6649	1771
6650	1249
6651	1049
6652	425
6653	324
6654	2181
6655	28
6656	2319
6657	3316
6658	1769
6659	1660
6660	3319
6661	2506
6662	2329
6663	2224
6664	233
6665	348
6666	465
6667	2382
6668	1134
6669	2608
6670	2211
6671	2185
6672	234
6673	2854
6674	2213
6675	3024
6676	273
6677	2828
6678	811
6679	2329
6680	601
6681	2441
6682	1510
6683	312
6684	539
6685	2055
6686	468
6687	491
6688	3459
6689	562
6690	3167
6691	723
6692	2213
6693	1040
6694	2055
6695	1545
6696	1048
6697	3124
6698	856
6699	1962
6700	1308
6701	544
6702	1861
6703	1137
6704	2205
6705	332
6706	2604
6707	2234
6708	3447
6709	1735
6710	2097
6711	402
6712	781
6713	29
6714	1684
6715	3359
6716	1810
6717	2862
6718	3130
6719	828
6720	1838
6721	1284
6722	2375
6723	1838
6724	191
6725	1768
6726	1001
6727	1145
6728	2011
6729	182
6730	3075
6731	2932
6732	595
6733	1863
6734	242
6735	1551
6736	2855
6737	722
6738	2080
6739	544
6740	2028
6741	2784
6742	669
6743	1767
6744	2257
6745	116
6746	1604
6747	3447
6748	1474
6749	3326
6750	1301
6751	1539
6752	3255
6753	898
6754	2352
6755	68
6756	2760
6757	711
6758	1134
6759	2777
6760	657
6761	851
6762	2839
6763	2316
6764	2688
6765	3100
6766	200
6767	3402
6768	2604
6769	2845
6770	326
6771	891
6772	1559
6773	361
6774	2360
6775	586
6776	2203
6777	1103
6778	2284
6779	239
6780	1226
6781	456
6782	1685
6783	2575
6784	2932
6785	1199
6786	2872
6787	2789
6788	2552
6789	422
6790	2732
6791	852
6792	271
6793	382
6794	1389
6795	2433
6796	2078
6797	311
6798	2236
6799	2940
6800	1515
6801	684
6802	2121
6803	2125
6804	2930
6805	2752
6806	2883
6807	130
6808	2402
6809	2120
6810	2300
6811	2704
6812	1439
6813	3168
6814	1504
6815	533
6816	2760
6817	2789
6818	770
6819	2066
6820	1372
6821	1413
6822	2683
6823	1810
6824	106
6825	2614
6826	1510
6827	1424
6828	452
6829	588
6830	826
6831	902
6832	1284
6833	1820
6834	2638
6835	2718
6836	397
6837	892
6838	2978
6839	509
6840	2978
6841	1461
6842	2239
6843	2734
6844	1424
6845	804
6846	1542
6847	2447
6848	463
6849	1671
6850	2967
6851	1612
6852	1691
6853	3130
6854	1630
6855	1690
6856	1558
6857	2602
6858	2688
6859	13
6860	2547
6861	2094
6862	744
6863	1795
6864	2922
6865	106
6866	1659
6867	1862
6868	3199
6869	2123
6870	1785
6871	1953
6872	2731
6873	2653
6874	2042
6875	2031
6876	3415
6877	2080
6878	2683
6879	2565
6880	331
6881	2597
6882	2538
6883	2715
6884	433
6885	1725
6886	898
6887	1861
6888	1726
6889	1140
6890	885
6891	565
6892	2725
6893	790
6894	452
6895	456
6896	2161
6897	1499
6898	1767
6899	1319
6900	110
6901	2149
6902	2103
6903	2211
6904	530
6905	1461
6906	2552
6907	1827
6908	1418
6909	1693
6910	3196
6911	827
6912	2614
6913	2161
6914	2258
6915	1720
6916	2112
6917	2351
6918	1783
6919	1418
6920	3199
6921	1021
6922	1319
6923	1671
6924	817
6925	347
6926	2805
6927	1031
6928	2005
6929	1799
6930	2078
6931	2289
6932	123
6933	2085
6934	1444
6935	46
6936	790
6937	811
6938	2063
6939	1661
6940	530
6941	572
6942	806
6943	2224
6944	33
6945	2258
6946	2615
6947	2778
6948	123
6949	1720
6950	1579
6951	1407
6952	639
6953	2670
6954	1987
6955	639
6956	2497
6957	1435
6958	3054
6959	3166
6960	3232
6961	2862
6962	110
6963	1785
6964	1037
6965	2376
6966	3101
6967	3343
6968	2162
6969	1435
6970	722
6971	1045
6972	9
6973	3341
6974	3038
6975	601
6976	3412
6977	2497
6978	3181
6979	586
6980	139
6981	239
6982	1639
6983	2842
6984	3168
6985	2538
6986	3412
6987	2690
6988	1281
6989	1406
6990	1281
6991	672
6992	2715
6993	3133
6994	1407
6995	1910
6996	1542
6997	1480
6998	1480
6999	3249
7000	179
