Class Times	5
Rooms	2000
1	97
2	35
3	85
4	89
5	25
6	20
7	90
8	15
9	21
10	36
11	42
12	73
13	29
14	30
15	16
16	29
17	72
18	58
19	16
20	11
21	78
22	31
23	88
24	19
25	72
26	88
27	17
28	54
29	76
30	40
31	43
32	79
33	44
34	65
35	83
36	56
37	48
38	69
39	13
40	80
41	66
42	84
43	39
44	86
45	83
46	18
47	18
48	35
49	97
50	34
51	88
52	26
53	68
54	44
55	63
56	27
57	41
58	93
59	45
60	23
61	40
62	31
63	57
64	75
65	60
66	79
67	56
68	73
69	20
70	48
71	38
72	14
73	23
74	59
75	67
76	62
77	81
78	99
79	13
80	96
81	91
82	58
83	94
84	72
85	30
86	30
87	91
88	26
89	71
90	11
91	59
92	34
93	73
94	13
95	74
96	95
97	81
98	66
99	62
100	69
101	15
102	40
103	76
104	59
105	32
106	58
107	54
108	99
109	80
110	58
111	88
112	46
113	63
114	30
115	90
116	69
117	23
118	98
119	83
120	46
121	96
122	72
123	37
124	38
125	91
126	94
127	11
128	19
129	41
130	75
131	11
132	71
133	95
134	43
135	14
136	91
137	54
138	41
139	94
140	39
141	43
142	74
143	71
144	85
145	22
146	80
147	61
148	25
149	74
150	33
151	92
152	50
153	89
154	53
155	88
156	58
157	83
158	49
159	23
160	83
161	52
162	54
163	70
164	23
165	53
166	89
167	33
168	51
169	12
170	26
171	17
172	54
173	95
174	71
175	27
176	97
177	27
178	75
179	62
180	85
181	18
182	37
183	87
184	39
185	47
186	97
187	62
188	21
189	94
190	72
191	29
192	53
193	99
194	23
195	76
196	84
197	59
198	91
199	79
200	91
201	52
202	14
203	92
204	13
205	19
206	84
207	47
208	47
209	50
210	39
211	24
212	99
213	18
214	46
215	85
216	68
217	48
218	30
219	34
220	17
221	24
222	30
223	96
224	45
225	43
226	29
227	42
228	97
229	98
230	84
231	72
232	31
233	73
234	59
235	88
236	12
237	40
238	30
239	21
240	63
241	73
242	85
243	38
244	80
245	64
246	13
247	34
248	53
249	34
250	95
251	87
252	27
253	98
254	44
255	14
256	58
257	46
258	78
259	19
260	73
261	53
262	15
263	68
264	63
265	20
266	54
267	95
268	34
269	53
270	31
271	56
272	60
273	92
274	97
275	31
276	92
277	51
278	22
279	56
280	38
281	31
282	86
283	54
284	74
285	73
286	21
287	79
288	67
289	32
290	15
291	83
292	23
293	95
294	23
295	89
296	45
297	65
298	27
299	71
300	57
301	33
302	70
303	63
304	41
305	79
306	90
307	19
308	47
309	16
310	20
311	77
312	55
313	94
314	79
315	14
316	27
317	19
318	75
319	77
320	88
321	26
322	23
323	19
324	87
325	18
326	75
327	76
328	43
329	27
330	65
331	62
332	21
333	64
334	11
335	88
336	37
337	36
338	46
339	15
340	85
341	54
342	14
343	94
344	97
345	50
346	26
347	18
348	95
349	94
350	66
351	27
352	90
353	69
354	74
355	36
356	19
357	55
358	16
359	56
360	94
361	33
362	22
363	53
364	46
365	28
366	26
367	76
368	83
369	99
370	77
371	65
372	66
373	24
374	60
375	94
376	47
377	65
378	32
379	31
380	73
381	17
382	32
383	13
384	56
385	23
386	97
387	19
388	38
389	84
390	52
391	69
392	42
393	50
394	33
395	36
396	70
397	68
398	46
399	18
400	15
401	97
402	57
403	31
404	92
405	21
406	89
407	70
408	63
409	93
410	35
411	98
412	93
413	58
414	13
415	70
416	66
417	28
418	76
419	62
420	50
421	58
422	20
423	41
424	43
425	33
426	85
427	76
428	11
429	94
430	66
431	73
432	35
433	61
434	34
435	44
436	50
437	13
438	67
439	55
440	34
441	62
442	91
443	86
444	32
445	85
446	42
447	64
448	83
449	38
450	62
451	95
452	55
453	80
454	86
455	51
456	56
457	24
458	37
459	48
460	58
461	60
462	12
463	82
464	93
465	19
466	18
467	66
468	97
469	49
470	81
471	63
472	29
473	25
474	52
475	27
476	66
477	57
478	78
479	65
480	37
481	14
482	28
483	69
484	94
485	85
486	50
487	80
488	95
489	55
490	46
491	99
492	53
493	86
494	11
495	51
496	40
497	13
498	16
499	41
500	71
501	96
502	33
503	56
504	85
505	60
506	32
507	16
508	65
509	14
510	88
511	92
512	52
513	94
514	82
515	34
516	37
517	61
518	80
519	80
520	99
521	93
522	96
523	51
524	82
525	16
526	46
527	23
528	45
529	24
530	63
531	49
532	28
533	80
534	84
535	84
536	88
537	41
538	85
539	96
540	37
541	57
542	88
543	79
544	72
545	67
546	73
547	70
548	70
549	61
550	50
551	58
552	20
553	58
554	14
555	76
556	66
557	63
558	13
559	14
560	63
561	43
562	56
563	63
564	65
565	97
566	62
567	96
568	75
569	56
570	39
571	53
572	49
573	21
574	60
575	22
576	88
577	91
578	99
579	12
580	45
581	40
582	36
583	31
584	76
585	68
586	42
587	47
588	20
589	93
590	64
591	68
592	26
593	51
594	38
595	66
596	12
597	23
598	75
599	97
600	83
601	71
602	81
603	95
604	24
605	33
606	90
607	81
608	30
609	75
610	50
611	19
612	61
613	99
614	54
615	80
616	37
617	30
618	82
619	56
620	33
621	89
622	93
623	98
624	71
625	37
626	95
627	43
628	20
629	94
630	92
631	68
632	68
633	61
634	49
635	98
636	97
637	41
638	26
639	46
640	74
641	43
642	42
643	41
644	88
645	25
646	47
647	17
648	43
649	89
650	47
651	70
652	17
653	45
654	38
655	29
656	49
657	30
658	81
659	59
660	36
661	84
662	92
663	57
664	89
665	12
666	15
667	85
668	36
669	48
670	82
671	24
672	81
673	62
674	77
675	34
676	19
677	44
678	17
679	40
680	87
681	68
682	53
683	31
684	72
685	68
686	62
687	90
688	63
689	83
690	29
691	38
692	86
693	82
694	86
695	29
696	10
697	32
698	30
699	96
700	28
701	37
702	58
703	37
704	80
705	66
706	53
707	65
708	18
709	63
710	48
711	16
712	36
713	35
714	91
715	86
716	89
717	91
718	99
719	52
720	18
721	75
722	42
723	79
724	67
725	38
726	76
727	66
728	26
729	71
730	77
731	18
732	88
733	69
734	43
735	32
736	64
737	59
738	72
739	91
740	35
741	31
742	20
743	27
744	37
745	35
746	90
747	83
748	50
749	46
750	91
751	57
752	19
753	14
754	44
755	10
756	85
757	21
758	67
759	58
760	65
761	94
762	89
763	73
764	21
765	59
766	98
767	64
768	14
769	30
770	25
771	73
772	75
773	49
774	33
775	70
776	13
777	51
778	81
779	17
780	22
781	22
782	44
783	37
784	54
785	73
786	13
787	35
788	26
789	47
790	10
791	11
792	14
793	57
794	82
795	97
796	66
797	91
798	70
799	76
800	52
801	73
802	14
803	30
804	82
805	75
806	56
807	40
808	85
809	40
810	37
811	98
812	35
813	79
814	48
815	88
816	66
817	35
818	74
819	71
820	34
821	81
822	82
823	32
824	86
825	62
826	78
827	13
828	39
829	55
830	12
831	35
832	10
833	38
834	51
835	70
836	25
837	91
838	31
839	41
840	89
841	94
842	83
843	54
844	15
845	28
846	31
847	69
848	39
849	13
850	71
851	85
852	46
853	66
854	75
855	28
856	26
857	40
858	65
859	87
860	51
861	89
862	90
863	26
864	28
865	96
866	51
867	12
868	64
869	47
870	97
871	73
872	13
873	54
874	23
875	46
876	50
877	50
878	20
879	63
880	23
881	33
882	96
883	31
884	53
885	20
886	20
887	66
888	85
889	71
890	13
891	35
892	80
893	71
894	32
895	72
896	30
897	38
898	96
899	52
900	16
901	89
902	98
903	41
904	72
905	56
906	41
907	90
908	82
909	21
910	37
911	63
912	76
913	77
914	36
915	60
916	40
917	84
918	21
919	97
920	16
921	44
922	97
923	80
924	48
925	96
926	39
927	90
928	43
929	28
930	91
931	27
932	59
933	25
934	18
935	54
936	87
937	79
938	98
939	14
940	25
941	31
942	56
943	73
944	62
945	80
946	82
947	56
948	34
949	98
950	62
951	67
952	18
953	52
954	87
955	42
956	95
957	13
958	58
959	21
960	31
961	79
962	47
963	13
964	29
965	59
966	67
967	52
968	18
969	71
970	49
971	80
972	20
973	61
974	55
975	61
976	77
977	21
978	73
979	87
980	95
981	18
982	92
983	15
984	70
985	32
986	24
987	24
988	95
989	22
990	77
991	15
992	27
993	90
994	38
995	41
996	43
997	47
998	70
999	71
1000	89
1001	66
1002	74
1003	76
1004	47
1005	46
1006	19
1007	57
1008	26
1009	54
1010	69
1011	81
1012	50
1013	51
1014	96
1015	34
1016	34
1017	49
1018	57
1019	30
1020	12
1021	70
1022	45
1023	57
1024	57
1025	49
1026	52
1027	71
1028	66
1029	24
1030	36
1031	34
1032	77
1033	57
1034	29
1035	59
1036	26
1037	85
1038	52
1039	13
1040	86
1041	23
1042	43
1043	61
1044	82
1045	92
1046	80
1047	21
1048	42
1049	97
1050	42
1051	92
1052	27
1053	41
1054	87
1055	19
1056	81
1057	75
1058	61
1059	83
1060	94
1061	57
1062	35
1063	80
1064	80
1065	51
1066	15
1067	14
1068	89
1069	41
1070	85
1071	82
1072	48
1073	93
1074	64
1075	58
1076	61
1077	56
1078	39
1079	23
1080	31
1081	97
1082	12
1083	59
1084	63
1085	79
1086	72
1087	51
1088	95
1089	76
1090	77
1091	59
1092	88
1093	22
1094	75
1095	53
1096	11
1097	67
1098	46
1099	94
1100	80
1101	19
1102	34
1103	26
1104	95
1105	32
1106	60
1107	35
1108	97
1109	55
1110	24
1111	96
1112	15
1113	38
1114	41
1115	72
1116	82
1117	13
1118	24
1119	39
1120	67
1121	71
1122	66
1123	81
1124	71
1125	61
1126	19
1127	87
1128	18
1129	27
1130	31
1131	42
1132	35
1133	44
1134	18
1135	29
1136	93
1137	84
1138	69
1139	44
1140	10
1141	15
1142	96
1143	40
1144	40
1145	44
1146	88
1147	65
1148	41
1149	76
1150	59
1151	43
1152	32
1153	34
1154	26
1155	55
1156	72
1157	49
1158	34
1159	64
1160	84
1161	53
1162	29
1163	85
1164	69
1165	87
1166	40
1167	13
1168	51
1169	24
1170	70
1171	12
1172	25
1173	54
1174	29
1175	92
1176	70
1177	49
1178	42
1179	50
1180	84
1181	93
1182	91
1183	71
1184	29
1185	33
1186	10
1187	85
1188	43
1189	30
1190	96
1191	84
1192	21
1193	27
1194	95
1195	32
1196	80
1197	90
1198	73
1199	95
1200	78
1201	76
1202	35
1203	49
1204	27
1205	24
1206	56
1207	49
1208	97
1209	20
1210	15
1211	52
1212	30
1213	65
1214	53
1215	17
1216	93
1217	81
1218	56
1219	27
1220	85
1221	14
1222	18
1223	83
1224	75
1225	90
1226	44
1227	23
1228	21
1229	73
1230	74
1231	77
1232	76
1233	22
1234	90
1235	20
1236	30
1237	80
1238	23
1239	71
1240	81
1241	68
1242	30
1243	25
1244	90
1245	17
1246	54
1247	12
1248	13
1249	97
1250	46
1251	54
1252	11
1253	12
1254	71
1255	94
1256	35
1257	49
1258	62
1259	14
1260	82
1261	68
1262	38
1263	76
1264	97
1265	78
1266	16
1267	78
1268	28
1269	63
1270	41
1271	92
1272	42
1273	24
1274	43
1275	40
1276	70
1277	80
1278	85
1279	54
1280	36
1281	33
1282	22
1283	38
1284	25
1285	87
1286	61
1287	23
1288	38
1289	84
1290	61
1291	19
1292	95
1293	34
1294	62
1295	20
1296	73
1297	47
1298	12
1299	34
1300	68
1301	75
1302	71
1303	23
1304	61
1305	63
1306	82
1307	98
1308	70
1309	23
1310	93
1311	41
1312	81
1313	17
1314	71
1315	36
1316	22
1317	79
1318	69
1319	63
1320	54
1321	91
1322	71
1323	76
1324	10
1325	52
1326	12
1327	95
1328	38
1329	68
1330	84
1331	21
1332	56
1333	64
1334	28
1335	72
1336	69
1337	85
1338	91
1339	36
1340	31
1341	86
1342	54
1343	67
1344	82
1345	31
1346	26
1347	35
1348	97
1349	77
1350	15
1351	86
1352	82
1353	49
1354	90
1355	72
1356	54
1357	54
1358	93
1359	51
1360	76
1361	87
1362	67
1363	13
1364	64
1365	51
1366	81
1367	73
1368	94
1369	54
1370	65
1371	45
1372	59
1373	98
1374	67
1375	53
1376	87
1377	64
1378	11
1379	92
1380	28
1381	29
1382	70
1383	36
1384	99
1385	29
1386	68
1387	99
1388	60
1389	12
1390	29
1391	14
1392	39
1393	19
1394	75
1395	99
1396	11
1397	90
1398	18
1399	97
1400	24
1401	75
1402	82
1403	25
1404	45
1405	84
1406	73
1407	86
1408	67
1409	57
1410	76
1411	92
1412	62
1413	89
1414	78
1415	13
1416	92
1417	39
1418	79
1419	44
1420	17
1421	15
1422	56
1423	61
1424	81
1425	89
1426	48
1427	46
1428	14
1429	62
1430	78
1431	67
1432	98
1433	84
1434	75
1435	85
1436	61
1437	44
1438	55
1439	92
1440	96
1441	62
1442	40
1443	68
1444	44
1445	17
1446	93
1447	11
1448	30
1449	60
1450	75
1451	62
1452	63
1453	96
1454	67
1455	35
1456	56
1457	42
1458	89
1459	84
1460	38
1461	93
1462	42
1463	36
1464	94
1465	89
1466	42
1467	73
1468	59
1469	60
1470	37
1471	38
1472	60
1473	11
1474	53
1475	65
1476	30
1477	37
1478	99
1479	66
1480	93
1481	15
1482	14
1483	20
1484	67
1485	25
1486	26
1487	19
1488	87
1489	73
1490	83
1491	69
1492	23
1493	12
1494	47
1495	88
1496	70
1497	19
1498	93
1499	53
1500	66
1501	23
1502	25
1503	94
1504	19
1505	58
1506	11
1507	16
1508	53
1509	27
1510	48
1511	64
1512	27
1513	88
1514	25
1515	94
1516	11
1517	33
1518	80
1519	62
1520	95
1521	93
1522	11
1523	57
1524	34
1525	46
1526	25
1527	95
1528	61
1529	37
1530	29
1531	96
1532	47
1533	45
1534	20
1535	76
1536	92
1537	83
1538	50
1539	66
1540	19
1541	77
1542	63
1543	45
1544	21
1545	98
1546	36
1547	58
1548	56
1549	57
1550	33
1551	18
1552	55
1553	73
1554	85
1555	58
1556	90
1557	26
1558	65
1559	91
1560	74
1561	10
1562	20
1563	29
1564	88
1565	44
1566	61
1567	97
1568	88
1569	33
1570	79
1571	98
1572	26
1573	96
1574	56
1575	70
1576	85
1577	23
1578	77
1579	99
1580	50
1581	89
1582	54
1583	79
1584	98
1585	76
1586	54
1587	31
1588	80
1589	11
1590	16
1591	51
1592	30
1593	71
1594	94
1595	11
1596	59
1597	15
1598	67
1599	48
1600	17
1601	65
1602	21
1603	65
1604	78
1605	74
1606	63
1607	53
1608	40
1609	29
1610	45
1611	48
1612	71
1613	54
1614	36
1615	75
1616	87
1617	24
1618	34
1619	62
1620	15
1621	40
1622	16
1623	13
1624	84
1625	72
1626	95
1627	98
1628	52
1629	12
1630	75
1631	29
1632	80
1633	79
1634	90
1635	66
1636	55
1637	17
1638	73
1639	56
1640	85
1641	28
1642	50
1643	39
1644	57
1645	57
1646	83
1647	95
1648	35
1649	46
1650	62
1651	42
1652	81
1653	56
1654	89
1655	54
1656	95
1657	37
1658	77
1659	84
1660	25
1661	92
1662	93
1663	50
1664	93
1665	41
1666	71
1667	55
1668	66
1669	84
1670	32
1671	95
1672	84
1673	95
1674	46
1675	50
1676	16
1677	70
1678	17
1679	51
1680	73
1681	23
1682	97
1683	83
1684	40
1685	32
1686	34
1687	81
1688	12
1689	46
1690	77
1691	37
1692	50
1693	70
1694	79
1695	54
1696	12
1697	62
1698	66
1699	19
1700	59
1701	51
1702	76
1703	49
1704	62
1705	55
1706	46
1707	52
1708	45
1709	85
1710	15
1711	29
1712	17
1713	79
1714	90
1715	76
1716	62
1717	91
1718	88
1719	92
1720	30
1721	38
1722	62
1723	45
1724	29
1725	35
1726	78
1727	23
1728	73
1729	99
1730	65
1731	55
1732	93
1733	42
1734	23
1735	74
1736	46
1737	98
1738	66
1739	24
1740	28
1741	62
1742	83
1743	33
1744	89
1745	78
1746	55
1747	63
1748	78
1749	16
1750	84
1751	72
1752	48
1753	36
1754	66
1755	14
1756	99
1757	59
1758	32
1759	43
1760	50
1761	29
1762	89
1763	17
1764	47
1765	51
1766	92
1767	35
1768	44
1769	40
1770	24
1771	55
1772	46
1773	74
1774	29
1775	60
1776	76
1777	78
1778	25
1779	32
1780	39
1781	12
1782	18
1783	17
1784	76
1785	24
1786	42
1787	30
1788	69
1789	25
1790	18
1791	91
1792	22
1793	77
1794	54
1795	52
1796	76
1797	17
1798	73
1799	74
1800	80
1801	51
1802	94
1803	24
1804	15
1805	68
1806	69
1807	26
1808	93
1809	56
1810	13
1811	74
1812	39
1813	54
1814	92
1815	23
1816	18
1817	59
1818	93
1819	55
1820	79
1821	92
1822	70
1823	57
1824	75
1825	90
1826	25
1827	76
1828	54
1829	36
1830	72
1831	23
1832	98
1833	31
1834	18
1835	94
1836	28
1837	92
1838	54
1839	16
1840	50
1841	47
1842	35
1843	53
1844	86
1845	32
1846	13
1847	57
1848	52
1849	40
1850	53
1851	94
1852	16
1853	26
1854	70
1855	20
1856	74
1857	48
1858	13
1859	49
1860	39
1861	42
1862	84
1863	32
1864	24
1865	95
1866	46
1867	65
1868	29
1869	49
1870	43
1871	27
1872	97
1873	12
1874	48
1875	85
1876	94
1877	17
1878	16
1879	72
1880	30
1881	73
1882	84
1883	63
1884	73
1885	56
1886	33
1887	42
1888	82
1889	65
1890	76
1891	93
1892	86
1893	80
1894	49
1895	50
1896	37
1897	65
1898	24
1899	81
1900	92
1901	93
1902	31
1903	40
1904	37
1905	26
1906	46
1907	81
1908	68
1909	58
1910	57
1911	69
1912	97
1913	38
1914	69
1915	28
1916	51
1917	69
1918	99
1919	44
1920	35
1921	98
1922	46
1923	51
1924	80
1925	49
1926	90
1927	70
1928	23
1929	71
1930	17
1931	10
1932	29
1933	21
1934	43
1935	26
1936	87
1937	10
1938	63
1939	16
1940	57
1941	10
1942	24
1943	50
1944	64
1945	29
1946	34
1947	56
1948	88
1949	47
1950	15
1951	86
1952	67
1953	39
1954	15
1955	68
1956	11
1957	34
1958	62
1959	28
1960	44
1961	70
1962	81
1963	95
1964	68
1965	16
1966	98
1967	20
1968	57
1969	57
1970	64
1971	61
1972	29
1973	71
1974	85
1975	98
1976	90
1977	80
1978	87
1979	89
1980	35
1981	21
1982	48
1983	18
1984	90
1985	54
1986	81
1987	70
1988	84
1989	14
1990	95
1991	33
1992	82
1993	20
1994	23
1995	10
1996	30
1997	32
1998	92
1999	34
2000	62
Classes	5000
Teachers	2500
1	862
2	364
3	2314
4	1273
5	2084
6	1774
7	2084
8	550
9	898
10	326
11	1081
12	1789
13	47
14	415
15	1720
16	350
17	1168
18	1190
19	1915
20	2354
21	2014
22	2205
23	1273
24	1678
25	1343
26	517
27	1834
28	764
29	2097
30	2072
31	747
32	53
33	1742
34	1289
35	1668
36	1338
37	2120
38	163
39	807
40	2061
41	201
42	1655
43	1184
44	2013
45	2460
46	1718
47	193
48	2117
49	499
50	472
51	1497
52	2270
53	528
54	275
55	933
56	137
57	1685
58	425
59	2003
60	2097
61	1726
62	1440
63	985
64	2226
65	1640
66	617
67	854
68	990
69	1800
70	830
71	1245
72	614
73	645
74	1355
75	1404
76	1147
77	1007
78	694
79	1541
80	861
81	1756
82	370
83	2168
84	466
85	1627
86	2497
87	810
88	1129
89	1755
90	1951
91	2002
92	1258
93	1338
94	56
95	134
96	248
97	1987
98	889
99	594
100	2211
101	695
102	2007
103	1149
104	750
105	2420
106	1792
107	1844
108	1592
109	895
110	1078
111	1626
112	125
113	2322
114	1127
115	1826
116	1447
117	803
118	753
119	2123
120	659
121	2008
122	1931
123	1333
124	680
125	2196
126	15
127	176
128	446
129	2205
130	1838
131	377
132	1815
133	1964
134	1356
135	1397
136	442
137	666
138	1557
139	1115
140	2020
141	2066
142	1276
143	161
144	2285
145	2286
146	549
147	1335
148	1048
149	2330
150	875
151	1285
152	1580
153	1609
154	2020
155	490
156	2201
157	265
158	2096
159	670
160	1329
161	240
162	428
163	1740
164	2132
165	912
166	2473
167	2390
168	324
169	1364
170	1409
171	1571
172	1407
173	825
174	559
175	2059
176	1469
177	1722
178	1549
179	848
180	144
181	1199
182	475
183	1601
184	281
185	609
186	1047
187	6
188	1775
189	748
190	2194
191	1179
192	1622
193	652
194	1221
195	1682
196	540
197	1878
198	1860
199	110
200	662
201	1357
202	848
203	1228
204	2219
205	1345
206	1041
207	7
208	2039
209	1142
210	646
211	1876
212	315
213	1524
214	385
215	249
216	1753
217	1856
218	1129
219	1809
220	1443
221	636
222	1659
223	552
224	1997
225	1499
226	815
227	2460
228	1581
229	2210
230	137
231	583
232	2322
233	1217
234	1589
235	1124
236	1494
237	826
238	1703
239	2010
240	1371
241	1377
242	1157
243	1360
244	221
245	146
246	947
247	1789
248	1768
249	1390
250	1297
251	1652
252	2340
253	533
254	316
255	1791
256	1727
257	1266
258	105
259	1498
260	416
261	2064
262	1225
263	1506
264	474
265	2235
266	1650
267	1876
268	1075
269	2042
270	704
271	150
272	698
273	1624
274	2337
275	1501
276	1453
277	1689
278	1901
279	1960
280	2428
281	1081
282	2381
283	1350
284	2472
285	1990
286	884
287	1274
288	1524
289	2103
290	614
291	188
292	1369
293	1282
294	761
295	2271
296	2304
297	1260
298	1345
299	661
300	750
301	2029
302	2232
303	1828
304	261
305	1924
306	716
307	1576
308	81
309	1327
310	2138
311	508
312	2341
313	2247
314	1904
315	2083
316	520
317	1607
318	1070
319	1063
320	1311
321	602
322	1148
323	309
324	304
325	2109
326	2488
327	1158
328	2453
329	2164
330	2394
331	2406
332	531
333	669
334	1656
335	2214
336	8
337	1313
338	2382
339	529
340	173
341	1505
342	547
343	1802
344	152
345	1513
346	236
347	12
348	1920
349	664
350	2085
351	568
352	1671
353	2378
354	1025
355	1825
356	1480
357	1377
358	935
359	2469
360	155
361	1431
362	1396
363	845
364	416
365	206
366	1672
367	2108
368	390
369	2466
370	1540
371	531
372	1361
373	1719
374	1972
375	209
376	149
377	1757
378	468
379	964
380	1501
381	2309
382	1300
383	232
384	1700
385	1121
386	809
387	1939
388	1639
389	2228
390	1608
391	483
392	209
393	1640
394	2093
395	1866
396	912
397	449
398	1912
399	1519
400	2068
401	571
402	2367
403	878
404	108
405	254
406	1344
407	1583
408	655
409	2285
410	1943
411	186
412	1933
413	2390
414	971
415	1729
416	2415
417	1493
418	1249
419	1732
420	347
421	2495
422	1588
423	2400
424	862
425	1278
426	375
427	754
428	2247
429	1311
430	2102
431	861
432	1744
433	896
434	172
435	1271
436	618
437	2425
438	896
439	1718
440	1825
441	1504
442	1152
443	761
444	1425
445	496
446	695
447	506
448	1425
449	1971
450	322
451	1907
452	594
453	1011
454	814
455	2110
456	331
457	1479
458	540
459	613
460	1385
461	1209
462	642
463	810
464	2116
465	967
466	1962
467	1438
468	1509
469	947
470	1047
471	1662
472	413
473	191
474	281
475	1490
476	1521
477	1688
478	964
479	941
480	2453
481	1316
482	278
483	939
484	972
485	434
486	1178
487	1556
488	877
489	1914
490	101
491	1777
492	307
493	23
494	1082
495	1625
496	438
497	507
498	2155
499	52
500	2239
501	1626
502	93
503	1269
504	1083
505	1008
506	605
507	1271
508	1581
509	2292
510	920
511	1644
512	1249
513	2242
514	516
515	1953
516	2407
517	1243
518	2389
519	2160
520	1840
521	1664
522	1885
523	2251
524	1107
525	59
526	2422
527	313
528	802
529	760
530	2359
531	1800
532	1381
533	634
534	644
535	68
536	1813
537	1757
538	282
539	25
540	66
541	1023
542	2461
543	2127
544	807
545	1294
546	2296
547	809
548	657
549	2404
550	2359
551	946
552	1511
553	2056
554	1909
555	1953
556	352
557	1427
558	922
559	138
560	183
561	1283
562	2066
563	1564
564	1504
565	800
566	1496
567	372
568	1224
569	650
570	1811
571	489
572	1701
573	206
574	2402
575	1762
576	1154
577	1114
578	924
579	2070
580	2075
581	275
582	1100
583	1842
584	664
585	51
586	681
587	802
588	1936
589	234
590	1542
591	1049
592	259
593	128
594	2405
595	1329
596	1429
597	274
598	1605
599	628
600	1088
601	1214
602	615
603	2176
604	1627
605	2449
606	972
607	461
608	58
609	2195
610	521
611	1128
612	2016
613	42
614	1386
615	1478
616	253
617	1153
618	677
619	2164
620	841
621	832
622	1846
623	752
624	1848
625	1033
626	1262
627	397
628	1913
629	981
630	1044
631	1512
632	1836
633	1762
634	1970
635	2361
636	1189
637	1446
638	758
639	102
640	436
641	252
642	795
643	2037
644	395
645	422
646	2177
647	1460
648	1045
649	473
650	2338
651	2171
652	2126
653	980
654	1744
655	1486
656	1500
657	2055
658	1732
659	543
660	1175
661	413
662	1486
663	1261
664	2356
665	2395
666	293
667	1988
668	446
669	1790
670	1095
671	1902
672	211
673	1807
674	1593
675	1649
676	1527
677	1316
678	70
679	2449
680	884
681	1069
682	1856
683	591
684	2490
685	2378
686	634
687	1564
688	1061
689	1012
690	1302
691	1631
692	1127
693	1028
694	898
695	1944
696	169
697	1965
698	935
699	914
700	730
701	724
702	271
703	1753
704	1941
705	1881
706	2143
707	2010
708	67
709	1299
710	543
711	63
712	2225
713	945
714	2008
715	1532
716	1995
717	980
718	1238
719	704
720	1157
721	2278
722	263
723	1045
724	1143
725	709
726	1932
727	1144
728	1349
729	552
730	1996
731	1784
732	245
733	2157
734	2056
735	2476
736	1691
737	485
738	921
739	1508
740	2126
741	2018
742	443
743	814
744	1315
745	130
746	1603
747	2414
748	600
749	2386
750	1912
751	135
752	2319
753	291
754	2368
755	1839
756	2224
757	1336
758	2067
759	1194
760	1359
761	2387
762	249
763	1481
764	1112
765	568
766	1904
767	865
768	1278
769	776
770	144
771	2032
772	1769
773	2130
774	434
775	662
776	1468
777	1413
778	1246
779	1527
780	2269
781	1263
782	2321
783	1614
784	528
785	1410
786	1295
787	111
788	2493
789	1635
790	1650
791	1308
792	1965
793	1071
794	1478
795	204
796	2054
797	222
798	544
799	2284
800	1128
801	156
802	963
803	2021
804	515
805	850
806	1041
807	1386
808	868
809	494
810	2115
811	587
812	1376
813	1741
814	1889
815	1579
816	1063
817	39
818	1689
819	428
820	1343
821	458
822	1851
823	1169
824	1242
825	1722
826	2271
827	2338
828	2013
829	67
830	1729
831	1831
832	1841
833	760
834	1228
835	628
836	1755
837	2046
838	1798
839	1883
840	26
841	399
842	1900
843	840
844	2473
845	159
846	934
847	575
848	1560
849	1463
850	2447
851	2076
852	2447
853	579
854	204
855	183
856	682
857	1169
858	2004
859	2046
860	2394
861	1383
862	1221
863	239
864	42
865	746
866	2420
867	475
868	2340
869	68
870	693
871	2479
872	2307
873	1389
874	686
875	606
876	1182
877	441
878	767
879	2221
880	2143
881	1710
882	2222
883	1836
884	1421
885	301
886	2300
887	1914
888	2051
889	1863
890	907
891	1436
892	987
893	1042
894	276
895	246
896	193
897	714
898	2324
899	2425
900	2031
901	905
902	1207
903	2294
904	941
905	2121
906	1112
907	2500
908	2409
909	283
910	1917
911	60
912	2395
913	990
914	8
915	1798
916	369
917	2100
918	1857
919	1907
920	433
921	2278
922	2216
923	1389
924	7
925	43
926	586
927	1543
928	2130
929	1835
930	1239
931	1579
932	1299
933	580
934	1646
935	1166
936	154
937	1084
938	2404
939	979
940	2288
941	2037
942	589
943	857
944	1033
945	1859
946	2219
947	92
948	1815
949	286
950	1513
951	995
952	1733
953	1725
954	775
955	1414
956	795
957	2255
958	1634
959	1315
960	786
961	1465
962	69
963	1699
964	2082
965	815
966	1956
967	2244
968	2280
969	963
970	1197
971	1473
972	1864
973	2
974	509
975	1251
976	2139
977	1653
978	2094
979	2119
980	603
981	1725
982	367
983	2163
984	1013
985	336
986	1464
987	1604
988	15
989	2485
990	403
991	2370
992	1909
993	746
994	2299
995	1496
996	91
997	1090
998	2215
999	1334
1000	791
1001	1716
1002	2201
1003	455
1004	2072
1005	1140
1006	1184
1007	2306
1008	1471
1009	468
1010	134
1011	2266
1012	264
1013	1205
1014	2015
1015	429
1016	2496
1017	1435
1018	796
1019	2384
1020	98
1021	339
1022	439
1023	1651
1024	1467
1025	29
1026	977
1027	355
1028	265
1029	45
1030	1510
1031	28
1032	294
1033	2075
1034	1948
1035	2011
1036	2391
1037	1353
1038	995
1039	2047
1040	369
1041	567
1042	670
1043	1250
1044	2290
1045	1910
1046	1543
1047	2123
1048	77
1049	1994
1050	1838
1051	1008
1052	1349
1053	1715
1054	551
1055	1969
1056	2444
1057	2396
1058	246
1059	2128
1060	1569
1061	1624
1062	415
1063	1406
1064	617
1065	703
1066	300
1067	786
1068	2330
1069	1035
1070	126
1071	1244
1072	1667
1073	402
1074	2365
1075	1185
1076	1773
1077	765
1078	2112
1079	2145
1080	566
1081	25
1082	646
1083	66
1084	467
1085	931
1086	2094
1087	976
1088	89
1089	2109
1090	1358
1091	1951
1092	1475
1093	1355
1094	1464
1095	257
1096	2221
1097	1778
1098	1865
1099	1661
1100	2127
1101	244
1102	1009
1103	1559
1104	1017
1105	702
1106	1782
1107	2231
1108	1163
1109	1633
1110	2069
1111	1339
1112	187
1113	836
1114	515
1115	2292
1116	908
1117	906
1118	1446
1119	936
1120	1492
1121	2098
1122	2059
1123	554
1124	744
1125	1015
1126	14
1127	971
1128	1080
1129	1474
1130	1117
1131	294
1132	1746
1133	238
1134	111
1135	966
1136	1500
1137	946
1138	550
1139	754
1140	102
1141	1274
1142	1332
1143	1519
1144	957
1145	2268
1146	1713
1147	2306
1148	1263
1149	266
1150	557
1151	1775
1152	1745
1153	2314
1154	1253
1155	54
1156	978
1157	1313
1158	2331
1159	1164
1160	1171
1161	1141
1162	633
1163	2191
1164	1879
1165	238
1166	591
1167	937
1168	1424
1169	2048
1170	435
1171	131
1172	2006
1173	1148
1174	159
1175	497
1176	1831
1177	20
1178	2018
1179	1551
1180	443
1181	1796
1182	830
1183	560
1184	2233
1185	118
1186	551
1187	1146
1188	1163
1189	923
1190	2327
1191	482
1192	631
1193	1162
1194	2140
1195	1545
1196	1052
1197	1532
1198	2337
1199	404
1200	1076
1201	491
1202	1362
1203	903
1204	2180
1205	2016
1206	904
1207	414
1208	1096
1209	2497
1210	93
1211	1354
1212	2211
1213	1978
1214	2439
1215	2388
1216	247
1217	383
1218	1085
1219	1525
1220	788
1221	1209
1222	116
1223	409
1224	689
1225	2053
1226	1761
1227	1337
1228	1835
1229	299
1230	273
1231	1322
1232	1032
1233	1596
1234	1713
1235	347
1236	1868
1237	423
1238	1817
1239	842
1240	2087
1241	733
1242	1272
1243	2220
1244	346
1245	17
1246	2005
1247	615
1248	2080
1249	202
1250	1337
1251	1333
1252	1334
1253	2011
1254	1793
1255	725
1256	380
1257	2262
1258	1670
1259	1300
1260	770
1261	1688
1262	1105
1263	1895
1264	31
1265	186
1266	961
1267	955
1268	2471
1269	155
1270	124
1271	344
1272	1675
1273	933
1274	2490
1275	2129
1276	1666
1277	1892
1278	1928
1279	1667
1280	1681
1281	386
1282	1608
1283	588
1284	44
1285	1673
1286	1420
1287	1973
1288	1144
1289	1618
1290	1233
1291	1939
1292	731
1293	1373
1294	145
1295	875
1296	782
1297	12
1298	2435
1299	2181
1300	1766
1301	1950
1302	1628
1303	388
1304	1935
1305	2051
1306	1447
1307	1694
1308	625
1309	338
1310	2009
1311	1984
1312	1787
1313	230
1314	1871
1315	1284
1316	305
1317	721
1318	2483
1319	498
1320	2482
1321	778
1322	1601
1323	1398
1324	344
1325	323
1326	1837
1327	1327
1328	1691
1329	645
1330	818
1331	1423
1332	2058
1333	1161
1334	831
1335	1427
1336	1010
1337	1734
1338	2135
1339	2155
1340	457
1341	2265
1342	177
1343	2088
1344	167
1345	1776
1346	1816
1347	2454
1348	1257
1349	2493
1350	273
1351	1507
1352	2393
1353	1726
1354	236
1355	893
1356	1141
1357	1641
1358	364
1359	2255
1360	913
1361	1509
1362	1288
1363	720
1364	960
1365	1103
1366	1848
1367	1865
1368	2166
1369	2380
1370	1596
1371	264
1372	1352
1373	120
1374	1298
1375	1545
1376	79
1377	871
1378	1771
1379	684
1380	1993
1381	1805
1382	109
1383	1982
1384	223
1385	2454
1386	2194
1387	1516
1388	321
1389	1261
1390	985
1391	154
1392	798
1393	1517
1394	314
1395	2358
1396	254
1397	658
1398	1826
1399	2134
1400	1076
1401	1336
1402	44
1403	2436
1404	1326
1405	431
1406	2118
1407	99
1408	2457
1409	1584
1410	911
1411	1442
1412	1790
1413	940
1414	1385
1415	1537
1416	994
1417	1530
1418	2475
1419	1371
1420	1365
1421	1428
1422	288
1423	429
1424	1395
1425	1213
1426	1830
1427	2113
1428	1458
1429	1591
1430	2369
1431	104
1432	1883
1433	1654
1434	2088
1435	1557
1436	2354
1437	1206
1438	83
1439	1767
1440	333
1441	701
1442	203
1443	1739
1444	510
1445	2355
1446	2402
1447	180
1448	2000
1449	1156
1450	307
1451	1224
1452	880
1453	498
1454	755
1455	1659
1456	1958
1457	2485
1458	648
1459	1330
1460	1699
1461	1850
1462	1788
1463	1292
1464	2462
1465	1097
1466	1858
1467	1535
1468	1933
1469	1700
1470	2039
1471	1485
1472	1526
1473	1450
1474	2261
1475	1976
1476	808
1477	1229
1478	109
1479	110
1480	911
1481	1000
1482	14
1483	2158
1484	1851
1485	454
1486	45
1487	1683
1488	1068
1489	1531
1490	2392
1491	1188
1492	1083
1493	2498
1494	811
1495	604
1496	2080
1497	635
1498	755
1499	899
1500	496
1501	419
1502	90
1503	1467
1504	464
1505	1931
1506	461
1507	339
1508	2105
1509	725
1510	1730
1511	2383
1512	1580
1513	353
1514	1190
1515	407
1516	231
1517	1277
1518	1975
1519	982
1520	690
1521	784
1522	495
1523	1647
1524	1506
1525	2132
1526	1551
1527	1797
1528	1366
1529	1516
1530	844
1531	1268
1532	2417
1533	885
1534	1188
1535	2267
1536	2154
1537	2364
1538	635
1539	22
1540	888
1541	2441
1542	358
1543	1196
1544	1256
1545	287
1546	1488
1547	1858
1548	1749
1549	839
1550	385
1551	2183
1552	1254
1553	2422
1554	657
1555	491
1556	1943
1557	1715
1558	1303
1559	846
1560	1695
1561	864
1562	1474
1563	1421
1564	399
1565	354
1566	60
1567	1153
1568	1234
1569	2065
1570	794
1571	302
1572	1967
1573	894
1574	1628
1575	869
1576	672
1577	320
1578	2352
1579	469
1580	2158
1581	1320
1582	1186
1583	1495
1584	2067
1585	79
1586	772
1587	32
1588	1049
1589	957
1590	881
1591	673
1592	2280
1593	1571
1594	606
1595	511
1596	659
1597	272
1598	1354
1599	297
1600	467
1601	1469
1602	255
1603	2318
1604	2295
1605	1676
1606	403
1607	211
1608	694
1609	1114
1610	871
1611	845
1612	2116
1613	435
1614	2318
1615	2183
1616	1233
1617	1796
1618	2061
1619	1178
1620	1735
1621	2110
1622	1610
1623	424
1624	1988
1625	1993
1626	179
1627	1612
1628	1913
1629	583
1630	919
1631	1641
1632	493
1633	2371
1634	1710
1635	271
1636	191
1637	2264
1638	1701
1639	1452
1640	2045
1641	1201
1642	2161
1643	1409
1644	2365
1645	31
1646	851
1647	1194
1648	2289
1649	1828
1650	1602
1651	1664
1652	2237
1653	1132
1654	781
1655	1774
1656	983
1657	2315
1658	207
1659	293
1660	161
1661	1521
1662	846
1663	563
1664	803
1665	232
1666	1014
1667	286
1668	987
1669	651
1670	2148
1671	1146
1672	2412
1673	1941
1674	58
1675	1172
1676	2409
1677	424
1678	1552
1679	1849
1680	310
1681	2171
1682	1926
1683	1200
1684	668
1685	2316
1686	1212
1687	2450
1688	306
1689	2087
1690	708
1691	422
1692	622
1693	1229
1694	449
1695	714
1696	2137
1697	2353
1698	1077
1699	1087
1700	378
1701	220
1702	2231
1703	2240
1704	2309
1705	1202
1706	1198
1707	771
1708	1845
1709	1582
1710	1884
1711	391
1712	1733
1713	1180
1714	1620
1715	1529
1716	316
1717	1288
1718	836
1719	1709
1720	2489
1721	150
1722	1991
1723	282
1724	474
1725	1475
1726	230
1727	1252
1728	2486
1729	2308
1730	1680
1731	1392
1732	683
1733	1124
1734	1657
1735	1096
1736	691
1737	1392
1738	1139
1739	2499
1740	2003
1741	1947
1742	789
1743	1117
1744	504
1745	1693
1746	1431
1747	774
1748	533
1749	300
1750	1360
1751	2344
1752	723
1753	2054
1754	889
1755	1654
1756	1894
1757	1859
1758	872
1759	1678
1760	1284
1761	914
1762	1373
1763	1095
1764	2044
1765	1298
1766	166
1767	63
1768	147
1769	2228
1770	1065
1771	652
1772	1356
1773	1589
1774	377
1775	1976
1776	2287
1777	1786
1778	441
1779	753
1780	431
1781	2442
1782	362
1783	2476
1784	1759
1785	121
1786	1986
1787	1985
1788	448
1789	1100
1790	379
1791	1655
1792	1803
1793	2291
1794	330
1795	85
1796	2220
1797	949
1798	2187
1799	1814
1800	2392
1801	1309
1802	801
1803	1192
1804	521
1805	1671
1806	394
1807	731
1808	1301
1809	1384
1810	1226
1811	1842
1812	1121
1813	405
1814	97
1815	2118
1816	1396
1817	2369
1818	1255
1819	16
1820	756
1821	2190
1822	2381
1823	2031
1824	1054
1825	313
1826	1992
1827	1182
1828	2397
1829	1122
1830	2450
1831	2413
1832	2464
1833	925
1834	50
1835	1674
1836	558
1837	986
1838	439
1839	1046
1840	283
1841	412
1842	3
1843	1110
1844	168
1845	719
1846	229
1847	1948
1848	1814
1849	2374
1850	554
1851	187
1852	510
1853	2104
1854	2463
1855	460
1856	513
1857	304
1858	2064
1859	351
1860	928
1861	1742
1862	485
1863	419
1864	389
1865	2214
1866	2101
1867	1070
1868	602
1869	1059
1870	1330
1871	460
1872	770
1873	2115
1874	1978
1875	1942
1876	566
1877	2042
1878	2186
1879	609
1880	808
1881	1029
1882	1461
1883	2025
1884	484
1885	2444
1886	819
1887	633
1888	1416
1889	2348
1890	353
1891	974
1892	1484
1893	1275
1894	2347
1895	1168
1896	2303
1897	311
1898	210
1899	2373
1900	904
1901	2439
1902	2192
1903	260
1904	38
1905	1123
1906	512
1907	1920
1908	2103
1909	114
1910	1044
1911	1555
1912	1871
1913	894
1914	1259
1915	1019
1916	1735
1917	1813
1918	575
1919	257
1920	1763
1921	870
1922	783
1923	595
1924	1411
1925	1569
1926	797
1927	2184
1928	402
1929	934
1930	440
1931	1111
1932	338
1933	2349
1934	140
1935	1359
1936	1448
1937	940
1938	38
1939	1666
1940	1882
1941	504
1942	501
1943	1684
1944	2058
1945	1211
1946	907
1947	2283
1948	1958
1949	1306
1950	868
1951	906
1952	1554
1953	1780
1954	205
1955	124
1956	165
1957	1167
1958	139
1959	1342
1960	1147
1961	1918
1962	1563
1963	665
1964	2076
1965	672
1966	766
1967	1998
1968	1279
1969	620
1970	1358
1971	1738
1972	1615
1973	2274
1974	840
1975	359
1976	1556
1977	917
1978	1867
1979	371
1980	684
1981	2463
1982	169
1983	640
1984	593
1985	2320
1986	984
1987	2159
1988	1724
1989	192
1990	650
1991	1542
1992	923
1993	712
1994	378
1995	1255
1996	1724
1997	2421
1998	1695
1999	2222
2000	2213
2001	1804
2002	477
2003	269
2004	2191
2005	1714
2006	1414
2007	1489
2008	80
2009	1829
2010	794
2011	2192
2012	1495
2013	116
2014	2048
2015	834
2016	852
2017	1999
2018	1606
2019	1018
2020	319
2021	1604
2022	1962
2023	713
2024	711
2025	2119
2026	487
2027	296
2028	2487
2029	1012
2030	1304
2031	2065
2032	342
2033	448
2034	759
2035	1844
2036	2184
2037	2272
2038	436
2039	1149
2040	276
2041	430
2042	1143
2043	182
2044	2239
2045	1130
2046	1616
2047	280
2048	2251
2049	976
2050	1401
2051	1444
2052	1598
2053	1401
2054	1707
2055	1024
2056	1768
2057	2416
2058	2321
2059	2196
2060	1471
2061	1686
2062	2481
2063	1200
2064	35
2065	950
2066	737
2067	1618
2068	1989
2069	869
2070	523
2071	2406
2072	392
2073	1676
2074	1662
2075	806
2076	532
2077	2249
2078	295
2079	1312
2080	2356
2081	331
2082	1584
2083	2343
2084	471
2085	505
2086	251
2087	782
2088	2347
2089	299
2090	1928
2091	900
2092	1488
2093	1807
2094	223
2095	165
2096	1259
2097	779
2098	829
2099	821
2100	2210
2101	1458
2102	863
2103	208
2104	97
2105	493
2106	1192
2107	1806
2108	1892
2109	1303
2110	1456
2111	1210
2112	301
2113	1073
2114	655
2115	653
2116	1454
2117	735
2118	1490
2119	781
2120	379
2121	1974
2122	325
2123	1084
2124	1281
2125	729
2126	1264
2127	2325
2128	715
2129	1075
2130	1780
2131	1587
2132	2282
2133	988
2134	396
2135	1568
2136	870
2137	1683
2138	1998
2139	1071
2140	297
2141	1911
2142	181
2143	979
2144	592
2145	1636
2146	1198
2147	464
2148	2198
2149	1108
2150	1320
2151	126
2152	789
2153	1637
2154	1443
2155	855
2156	2440
2157	520
2158	1945
2159	2136
2160	190
2161	2421
2162	835
2163	1079
2164	227
2165	1445
2166	469
2167	2433
2168	1448
2169	9
2170	1696
2171	878
2172	1648
2173	2024
2174	2264
2175	2152
2176	944
2177	873
2178	1017
2179	1878
2180	2259
2181	1888
2182	1408
2183	1555
2184	749
2185	56
2186	853
2187	706
2188	412
2189	2070
2190	32
2191	1118
2192	1007
2193	1177
2194	726
2195	244
2196	736
2197	1332
2198	1262
2199	1160
2200	791
2201	1455
2202	1353
2203	1788
2204	2077
2205	882
2206	1794
2207	1286
2208	70
2209	622
2210	1436
2211	1697
2212	1276
2213	2483
2214	2323
2215	1013
2216	78
2217	580
2218	1822
2219	1658
2220	2434
2221	1438
2222	764
2223	816
2224	1609
2225	2297
2226	2180
2227	1652
2228	2137
2229	2004
2230	616
2231	993
2232	1064
2233	838
2234	1363
2235	1675
2236	1361
2237	1058
2238	813
2239	1776
2240	2481
2241	801
2242	738
2243	340
2244	1919
2245	1357
2246	1723
2247	1963
2248	1857
2249	242
2250	732
2251	2238
2252	618
2253	723
2254	1785
2255	288
2256	1673
2257	1038
2258	2380
2259	1491
2260	1690
2261	718
2262	33
2263	518
2264	76
2265	333
2266	2092
2267	1719
2268	2073
2269	2288
2270	151
2271	440
2272	1106
2273	2105
2274	1365
2275	500
2276	149
2277	306
2278	578
2279	194
2280	1855
2281	1681
2282	2350
2283	783
2284	1716
2285	576
2286	623
2287	2350
2288	1901
2289	348
2290	1590
2291	251
2292	534
2293	2241
2294	1884
2295	2405
2296	162
2297	1995
2298	1058
2299	23
2300	1408
2301	1606
2302	1379
2303	700
2304	1877
2305	153
2306	800
2307	589
2308	322
2309	2168
2310	47
2311	900
2312	1460
2313	1104
2314	2040
2315	432
2316	51
2317	1989
2318	410
2319	1199
2320	2374
2321	197
2322	388
2323	1727
2324	1459
2325	1158
2326	605
2327	2458
2328	1203
2329	1867
2330	2487
2331	720
2332	2159
2333	1950
2334	1886
2335	1136
2336	970
2337	687
2338	724
2339	2259
2340	1499
2341	112
2342	2002
2343	674
2344	319
2345	1151
2346	1375
2347	1707
2348	1053
2349	1706
2350	1841
2351	242
2352	152
2353	2025
2354	1861
2355	616
2356	1387
2357	1797
2358	2156
2359	1107
2360	2308
2361	13
2362	1918
2363	1145
2364	2498
2365	2434
2366	241
2367	28
2368	779
2369	2049
2370	2015
2371	373
2372	1645
2373	221
2374	500
2375	970
2376	396
2377	637
2378	986
2379	2429
2380	490
2381	2316
2382	1792
2383	2102
2384	1559
2385	903
2386	2432
2387	562
2388	516
2389	2339
2390	1734
2391	965
2392	1294
2393	2377
2394	1406
2395	2393
2396	1502
2397	2112
2398	43
2399	506
2400	722
2401	1805
2402	1254
2403	1170
2404	1764
2405	899
2406	1109
2407	1769
2408	938
2409	833
2410	1185
2411	1240
2412	1020
2413	382
2414	90
2415	1611
2416	363
2417	958
2418	612
2419	1015
2420	767
2421	2172
2422	1137
2423	2120
2424	1062
2425	267
2426	1241
2427	342
2428	1150
2429	932
2430	162
2431	2266
2432	22
2433	818
2434	978
2435	174
2436	1293
2437	133
2438	1974
2439	1210
2440	2121
2441	2030
2442	168
2443	330
2444	1837
2445	64
2446	2106
2447	84
2448	2333
2449	1910
2450	2349
2451	492
2452	180
2453	1428
2454	495
2455	1051
2456	545
2457	1646
2458	758
2459	1799
2460	1622
2461	2274
2462	766
2463	1731
2464	626
2465	2466
2466	1864
2467	2246
2468	2272
2469	1661
2470	1175
2471	1902
2472	103
2473	798
2474	332
2475	570
2476	639
2477	1712
2478	133
2479	2366
2480	2258
2481	925
2482	2092
2483	459
2484	1293
2485	1530
2486	2415
2487	99
2488	1961
2489	88
2490	1018
2491	729
2492	1326
2493	647
2494	656
2495	648
2496	1400
2497	686
2498	1687
2499	2086
2500	1709
2501	901
2502	1166
2503	1072
2504	768
2505	1874
2506	2203
2507	2467
2508	2114
2509	2200
2510	2204
2511	131
2512	877
2513	1097
2514	1217
2515	909
2516	1123
2517	882
2518	129
2519	636
2520	1639
2521	2177
2522	205
2523	956
2524	1189
2525	2459
2526	1113
2527	1808
2528	2370
2529	130
2530	1653
2531	2049
2532	920
2533	564
2534	101
2535	2218
2536	883
2537	1885
2538	1821
2539	1872
2540	2113
2541	2001
2542	1218
2543	1172
2544	24
2545	390
2546	2348
2547	514
2548	1382
2549	1679
2550	121
2551	462
2552	1498
2553	608
2554	1779
2555	2176
2556	1135
2557	1009
2558	2494
2559	710
2560	2408
2561	100
2562	811
2563	1230
2564	315
2565	83
2566	1440
2567	1260
2568	1136
2569	1133
2570	1068
2571	1966
2572	763
2573	1955
2574	2293
2575	1985
2576	285
2577	573
2578	2163
2579	2376
2580	225
2581	897
2582	1946
2583	465
2584	5
2585	2334
2586	2495
2587	1030
2588	147
2589	2148
2590	241
2591	104
2592	1611
2593	1131
2594	2442
2595	1632
2596	185
2597	797
2598	595
2599	689
2600	556
2601	683
2602	632
2603	1413
2604	1881
2605	2095
2606	548
2607	572
2608	1981
2609	1855
2610	444
2611	1549
2612	18
2613	930
2614	13
2615	1398
2616	1956
2617	406
2618	1806
2619	120
2620	1546
2621	2382
2622	710
2623	1011
2624	317
2625	345
2626	1442
2627	2099
2628	1839
2629	2144
2630	1665
2631	1970
2632	1272
2633	769
2634	1173
2635	688
2636	2305
2637	1982
2638	1051
2639	1253
2640	1187
2641	2379
2642	1485
2643	2465
2644	1042
2645	563
2646	1746
2647	1078
2648	1267
2649	1990
2650	2229
2651	179
2652	880
2653	1773
2654	2215
2655	955
2656	356
2657	207
2658	376
2659	1670
2660	417
2661	1420
2662	1369
2663	391
2664	1387
2665	1119
2666	1621
2667	1291
2668	430
2669	1160
2670	749
2671	1024
2672	2414
2673	529
2674	1295
2675	653
2676	2293
2677	1829
2678	2423
2679	1165
2680	1665
2681	561
2682	2139
2683	2131
2684	1820
2685	2352
2686	9
2687	1094
2688	1923
2689	463
2690	303
2691	1312
2692	1893
2693	1633
2694	2098
2695	1090
2696	1247
2697	1845
2698	348
2699	170
2700	1435
2701	1181
2702	2462
2703	2445
2704	2157
2705	2111
2706	2401
2707	418
2708	561
2709	2299
2710	1454
2711	2263
2712	3
2713	1324
2714	1484
2715	87
2716	1631
2717	1241
2718	2142
2719	411
2720	678
2721	140
2722	1573
2723	372
2724	2389
2725	280
2726	620
2727	1903
2728	975
2729	649
2730	1960
2731	1690
2732	1585
2733	2090
2734	1830
2735	2227
2736	1452
2737	166
2738	1417
2739	1111
2740	1541
2741	82
2742	216
2743	2429
2744	1268
2745	733
2746	2175
2747	1546
2748	106
2749	1786
2750	16
2751	1492
2752	409
2753	54
2754	2373
2755	2385
2756	1515
2757	1214
2758	36
2759	146
2760	1087
2761	1617
2762	349
2763	1784
2764	1523
2765	375
2766	78
2767	626
2768	1880
2769	619
2770	1561
2771	1717
2772	1764
2773	2419
2774	775
2775	1617
2776	988
2777	2416
2778	1593
2779	77
2780	355
2781	891
2782	982
2783	1159
2784	623
2785	308
2786	742
2787	1411
2788	1692
2789	751
2790	1322
2791	967
2792	444
2793	52
2794	2216
2795	2276
2796	2412
2797	455
2798	1397
2799	1251
2800	1494
2801	1539
2802	219
2803	2043
2804	1656
2805	1131
2806	298
2807	1378
2808	522
2809	1704
2810	678
2811	559
2812	252
2813	2256
2814	574
2815	1517
2816	2459
2817	87
2818	1404
2819	1870
2820	26
2821	1227
2822	1283
2823	1119
2824	2413
2825	96
2826	1400
2827	2418
2828	1684
2829	984
2830	654
2831	1363
2832	2145
2833	1548
2834	677
2835	279
2836	1677
2837	537
2838	1218
2839	682
2840	2482
2841	953
2842	240
2843	92
2844	687
2845	1600
2846	2358
2847	892
2848	681
2849	1971
2850	85
2851	1616
2852	1680
2853	858
2854	57
2855	320
2856	262
2857	1154
2858	2230
2859	1118
2860	345
2861	184
2862	2078
2863	851
2864	368
2865	81
2866	1505
2867	2060
2868	267
2869	630
2870	34
2871	2346
2872	2224
2873	847
2874	651
2875	229
2876	305
2877	292
2878	2368
2879	153
2880	1381
2881	701
2882	1966
2883	1304
2884	247
2885	1258
2886	546
2887	1536
2888	2005
2889	1568
2890	2235
2891	1801
2892	1793
2893	1669
2894	951
2895	1603
2896	1137
2897	407
2898	1317
2899	711
2900	2149
2901	174
2902	584
2903	654
2904	1005
2905	132
2906	139
2907	508
2908	259
2909	1854
2910	1269
2911	2169
2912	1821
2913	881
2914	885
2915	825
2916	835
2917	1648
2918	1120
2919	184
2920	476
2921	284
2922	65
2923	1257
2924	2156
2925	1512
2926	1429
2927	1832
2928	745
2929	1923
2930	505
2931	381
2932	852
2933	823
2934	2246
2935	1761
2936	992
2937	2297
2938	771
2939	1164
2940	458
2941	813
2942	55
2943	2028
2944	476
2945	394
2946	2146
2947	360
2948	100
2949	586
2950	132
2951	2480
2952	1226
2953	2375
2954	1872
2955	892
2956	202
2957	112
2958	2166
2959	336
2960	1908
2961	708
2962	136
2963	1658
2964	1663
2965	1309
2966	2262
2967	1771
2968	1947
2969	1035
2970	1868
2971	1415
2972	2160
2973	1629
2974	352
2975	530
2976	2134
2977	1132
2978	1098
2979	1023
2980	389
2981	1636
2982	549
2983	6
2984	604
2985	1508
2986	113
2987	1539
2988	253
2989	1364
2990	1908
2991	1758
2992	969
2993	863
2994	849
2995	1279
2996	1834
2997	1004
2998	2152
2999	2209
3000	1526
3001	1382
3002	382
3003	864
3004	1208
3005	1348
3006	762
3007	1291
3008	2122
3009	359
3010	1994
3011	2036
3012	136
3013	2035
3014	1362
3015	1623
3016	1770
3017	1731
3018	707
3019	1105
3020	983
3021	1915
3022	839
3023	1481
3024	1367
3025	1232
3026	1752
3027	599
3028	2427
3029	732
3030	1642
3031	1048
3032	226
3033	103
3034	745
3035	841
3036	1256
3037	1155
3038	289
3039	5
3040	2186
3041	2245
3042	1520
3043	756
3044	1376
3045	1348
3046	1740
3047	465
3048	1036
3049	709
3050	2086
3051	1212
3052	1477
3053	2277
3054	1540
3055	992
3056	1040
3057	1863
3058	721
3059	2043
3060	1963
3061	1021
3062	1069
3063	2083
3064	1026
3065	1122
3066	1176
3067	2187
3068	167
3069	1561
3070	2063
3071	2040
3072	326
3073	270
3074	1205
3075	2033
3076	968
3077	1043
3078	2253
3079	644
3080	1080
3081	823
3082	243
3083	2038
3084	2261
3085	719
3086	1247
3087	1515
3088	1634
3089	1592
3090	2195
3091	612
3092	216
3093	916
3094	1065
3095	512
3096	1600
3097	107
3098	2342
3099	1110
3100	1285
3101	676
3102	1937
3103	1554
3104	2326
3105	1922
3106	1405
3107	1575
3108	2170
3109	806
3110	1898
3111	218
3112	1191
3113	1391
3114	1064
3115	222
3116	816
3117	1264
3118	2273
3119	1193
3120	1922
3121	198
3122	1888
3123	2325
3124	1297
3125	1597
3126	698
3127	1961
3128	2284
3129	2027
3130	57
3131	1889
3132	1853
3133	844
3134	945
3135	2029
3136	483
3137	1645
3138	831
3139	962
3140	930
3141	2270
3142	318
3143	1610
3144	928
3145	850
3146	1161
3147	776
3148	942
3149	1036
3150	1156
3151	544
3152	526
3153	621
3154	804
3155	1706
3156	610
3157	24
3158	1277
3159	1328
3160	374
3161	1987
3162	2465
3163	55
3164	1444
3165	231
3166	1266
3167	1763
3168	1737
3169	1073
3170	680
3171	117
3172	2345
3173	2366
3174	423
3175	1077
3176	2339
3177	2489
3178	601
3179	263
3180	527
3181	1203
3182	1502
3183	175
3184	2457
3185	895
3186	656
3187	1029
3188	784
3189	383
3190	156
3191	737
3192	1866
3193	876
3194	2036
3195	1644
3196	2021
3197	2108
3198	1014
3199	2377
3200	287
3201	425
3202	1760
3203	1378
3204	1462
3205	2225
3206	2346
3207	224
3208	1917
3209	1040
3210	665
3211	1142
3212	1946
3213	1126
3214	685
3215	82
3216	891
3217	62
3218	2326
3219	2499
3220	768
3221	1926
3222	125
3223	1810
3224	1810
3225	1620
3226	527
3227	1245
3228	1520
3229	1969
3230	793
3231	2456
3232	826
3233	1935
3234	374
3235	1195
3236	2430
3237	1102
3238	1736
3239	2063
3240	2399
3241	601
3242	1940
3243	410
3244	2178
3245	977
3246	1483
3247	89
3248	261
3249	1235
3250	744
3251	2060
3252	1930
3253	860
3254	2397
3255	1503
3256	213
3257	819
3258	1473
3259	1896
3260	1997
3261	829
3262	827
3263	918
3264	40
3265	2100
3266	1374
3267	2384
3268	401
3269	272
3270	1321
3271	1697
3272	2208
3273	1016
3274	2009
3275	1230
3276	924
3277	2033
3278	450
3279	192
3280	1801
3281	37
3282	1981
3283	178
3284	922
3285	1215
3286	1379
3287	477
3288	2343
3289	949
3290	1930
3291	1057
3292	50
3293	1102
3294	1824
3295	849
3296	1677
3297	201
3298	1222
3299	1054
3300	1766
3301	1525
3302	1267
3303	519
3304	237
3305	1599
3306	1927
3307	213
3308	2320
3309	1445
3310	557
3311	62
3312	2006
3313	1491
3314	888
3315	1412
3316	974
3317	2385
3318	956
3319	1820
3320	1887
3321	86
3322	2206
3323	2149
3324	1822
3325	582
3326	1113
3327	34
3328	478
3329	1236
3330	327
3331	2252
3332	452
3333	2226
3334	1812
3335	1572
3336	792
3337	1201
3338	1567
3339	404
3340	938
3341	2500
3342	743
3343	948
3344	1021
3345	1875
3346	452
3347	1694
3348	2286
3349	2342
3350	1562
3351	325
3352	536
3353	386
3354	1711
3355	2202
3356	1145
3357	438
3358	2445
3359	2078
3360	1877
3361	994
3362	1405
3363	1590
3364	1880
3365	1367
3366	1781
3367	2175
3368	2178
3369	1059
3370	909
3371	658
3372	1999
3373	832
3374	735
3375	2203
3376	1642
3377	2023
3378	107
3379	1115
3380	1372
3381	284
3382	1552
3383	2212
3384	598
3385	821
3386	356
3387	1319
3388	2441
3389	1237
3390	2057
3391	76
3392	1417
3393	2331
3394	534
3395	1817
3396	1159
3397	1091
3398	1957
3399	2244
3400	1507
3401	2260
3402	991
3403	1204
3404	421
3405	570
3406	296
3407	2099
3408	2471
3409	1510
3410	2200
3411	1052
3412	502
3413	582
3414	1028
3415	501
3416	466
3417	1882
3418	2407
3419	1511
3420	1560
3421	2479
3422	1388
3423	1368
3424	148
3425	197
3426	2147
3427	1459
3428	397
3429	936
3430	1741
3431	1991
3432	303
3433	1232
3434	518
3435	1558
3436	2360
3437	565
3438	741
3439	1202
3440	1493
3441	358
3442	860
3443	697
3444	279
3445	2427
3446	2461
3447	1754
3448	927
3449	641
3450	1927
3451	1089
3452	886
3453	1685
3454	1237
3455	640
3456	2281
3457	2335
3458	2041
3459	1236
3460	524
3461	1138
3462	33
3463	1372
3464	321
3465	996
3466	2124
3467	1711
3468	1632
3469	1924
3470	1323
3471	812
3472	1463
3473	1395
3474	2093
3475	1324
3476	1350
3477	2079
3478	395
3479	2355
3480	2396
3481	913
3482	553
3483	1384
3484	1235
3485	323
3486	1006
3487	926
3488	584
3489	277
3490	408
3491	196
3492	2141
3493	948
3494	1286
3495	2432
3496	329
3497	1243
3498	2028
3499	1120
3500	919
3501	1183
3502	2388
3503	2161
3504	1586
3505	1216
3506	1375
3507	228
3508	1419
3509	1687
3510	1558
3511	387
3512	1803
3513	1325
3514	2238
3515	1307
3516	1004
3517	1802
3518	2209
3519	2283
3520	256
3521	991
3522	1055
3523	547
3524	1196
3525	1393
3526	2492
3527	1949
3528	200
3529	2295
3530	189
3531	309
3532	558
3533	2122
3534	1576
3535	2237
3536	1240
3537	158
3538	1195
3539	1433
3540	2375
3541	173
3542	1441
3543	796
3544	327
3545	214
3546	592
3547	450
3548	1208
3549	1139
3550	1167
3551	730
3552	365
3553	2041
3554	1439
3555	569
3556	2217
3557	777
3558	218
3559	642
3560	2144
3561	88
3562	596
3563	717
3564	2245
3565	741
3566	619
3567	1098
3568	1453
3569	451
3570	960
3571	918
3572	115
3573	1010
3574	931
3575	1480
3576	178
3577	346
3578	772
3579	671
3580	138
3581	1116
3582	2268
3583	350
3584	1852
3585	2491
3586	53
3587	447
3588	1853
3589	2114
3590	525
3591	1583
3592	1575
3593	1979
3594	713
3595	902
3596	2287
3597	951
3598	1003
3599	2079
3600	2341
3601	2281
3602	278
3603	2014
3604	1698
3605	812
3606	1006
3607	148
3608	693
3609	691
3610	973
3611	688
3612	2035
3613	2336
3614	2398
3615	451
3616	2491
3617	1280
3618	2335
3619	1022
3620	94
3621	669
3622	2107
3623	1366
3624	874
3625	2027
3626	1668
3627	1577
3628	1638
3629	608
3630	462
3631	1341
3632	437
3633	1180
3634	1765
3635	471
3636	1621
3637	2324
3638	433
3639	1986
3640	2082
3641	2069
3642	902
3643	1779
3644	4
3645	596
3646	225
3647	692
3648	883
3649	962
3650	1979
3651	1942
3652	2135
3653	1225
3654	160
3655	463
3656	2265
3657	2391
3658	743
3659	1281
3660	2233
3661	637
3662	2419
3663	2363
3664	1091
3665	59
3666	631
3667	1818
3668	1171
3669	727
3670	1778
3671	182
3672	1595
3673	332
3674	157
3675	981
3676	1832
3677	1975
3678	285
3679	1537
3680	210
3681	1331
3682	1331
3683	1416
3684	1791
3685	2386
3686	762
3687	426
3688	1335
3689	1099
3690	1374
3691	2024
3692	135
3693	2403
3694	611
3695	2477
3696	226
3697	1957
3698	105
3699	2310
3700	1465
3701	643
3702	1852
3703	2428
3704	2398
3705	1410
3706	1282
3707	513
3708	1415
3709	1523
3710	1772
3711	2202
3712	1380
3713	774
3714	1368
3715	692
3716	1407
3717	2291
3718	2241
3719	1693
3720	1223
3721	1005
3722	1227
3723	2361
3724	1231
3725	2290
3726	2379
3727	141
3728	1173
3729	2071
3730	555
3731	1597
3732	2077
3733	1849
3734	503
3735	2249
3736	270
3737	2364
3738	1318
3739	1843
3740	393
3741	115
3742	1553
3743	21
3744	867
3745	72
3746	1630
3747	2426
3748	2327
3749	1466
3750	1181
3751	398
3752	484
3753	1468
3754	2372
3755	203
3756	335
3757	312
3758	2012
3759	1317
3760	432
3761	969
3762	1728
3763	910
3764	1869
3765	158
3766	370
3767	1162
3768	1220
3769	647
3770	1086
3771	489
3772	679
3773	1219
3774	705
3775	1191
3776	2263
3777	2443
3778	2410
3779	679
3780	661
3781	1522
3782	2315
3783	916
3784	577
3785	522
3786	790
3787	2469
3788	2204
3789	1967
3790	996
3791	2074
3792	18
3793	1758
3794	2456
3795	1062
3796	954
3797	1567
3798	587
3799	260
3800	675
3801	235
3802	95
3803	555
3804	1899
3805	674
3806	942
3807	420
3808	727
3809	890
3810	470
3811	2030
3812	1891
3813	1449
3814	1206
3815	69
3816	507
3817	2074
3818	1222
3819	91
3820	1916
3821	1514
3822	163
3823	142
3824	127
3825	1057
3826	2383
3827	2053
3828	1605
3829	603
3830	1134
3831	1032
3832	1034
3833	553
3834	716
3835	526
3836	2162
3837	824
3838	2232
3839	1025
3840	1219
3841	142
3842	367
3843	1945
3844	1477
3845	1977
3846	576
3847	157
3848	1936
3849	1342
3850	1457
3851	190
3852	1170
3853	2433
3854	1030
3855	748
3856	1862
3857	20
3858	572
3859	1843
3860	2206
3861	1223
3862	481
3863	2170
3864	337
3865	565
3866	2199
3867	855
3868	910
3869	1565
3870	787
3871	2311
3872	405
3873	2150
3874	1818
3875	454
3876	1307
3877	2236
3878	1911
3879	943
3880	1686
3881	1213
3882	1239
3883	1275
3884	932
3885	873
3886	470
3887	1483
3888	1207
3889	479
3890	266
3891	857
3892	1714
3893	573
3894	119
3895	1187
3896	2111
3897	141
3898	1879
3899	2311
3900	1548
3901	759
3902	2023
3903	1760
3904	757
3905	113
3906	2073
3907	1754
3908	1318
3909	1964
3910	833
3911	752
3912	1383
3913	1816
3914	64
3915	834
3916	245
3917	2085
3918	1037
3919	61
3920	1292
3921	1721
3922	84
3923	1344
3924	2289
3925	1265
3926	19
3927	145
3928	418
3929	381
3930	421
3931	1302
3932	1772
3933	128
3934	1916
3935	2417
3936	302
3937	1074
3938	2437
3939	1573
3940	879
3941	1937
3942	426
3943	1067
3944	632
3945	2197
3946	1595
3947	1072
3948	1394
3949	511
3950	1983
3951	926
3952	1553
3953	2242
3954	2254
3955	827
3956	1246
3957	1749
3958	400
3959	21
3960	398
3961	1860
3962	1242
3963	417
3964	1903
3965	1862
3966	638
3967	420
3968	219
3969	901
3970	175
3971	2208
3972	1886
3973	2236
3974	742
3975	1211
3976	999
3977	588
3978	1340
3979	1003
3980	2344
3981	2319
3982	502
3983	189
3984	36
3985	715
3986	1599
3987	198
3988	1756
3989	2257
3990	667
3991	2296
3992	95
3993	1306
3994	37
3995	842
3996	1574
3997	546
3998	1479
3999	685
4000	227
4001	2217
4002	196
4003	2276
4004	2223
4005	408
4006	1270
4007	1001
4008	1619
4009	1795
4010	571
4011	2408
4012	373
4013	1905
4014	1461
4015	2188
4016	1280
4017	569
4018	944
4019	310
4020	1086
4021	624
4022	151
4023	2257
4024	318
4025	2436
4026	188
4027	335
4028	427
4029	212
4030	2150
4031	2140
4032	999
4033	2267
4034	1738
4035	456
4036	2431
4037	1193
4038	2329
4039	1215
4040	793
4041	1155
4042	668
4043	1323
4044	400
4045	954
4046	1403
4047	1305
4048	621
4049	268
4050	2372
4051	915
4052	2472
4053	1066
4054	1497
4055	663
4056	1046
4057	1637
4058	2089
4059	49
4060	1150
4061	393
4062	548
4063	1891
4064	706
4065	1060
4066	1019
4067	2104
4068	98
4069	494
4070	804
4071	1433
4072	2229
4073	2218
4074	1934
4075	545
4076	1234
4077	532
4078	199
4079	2147
4080	1183
4081	2430
4082	195
4083	1869
4084	233
4085	233
4086	366
4087	1197
4088	2494
4089	2294
4090	1824
4091	666
4092	2351
4093	1
4094	1079
4095	1325
4096	1861
4097	2154
4098	1053
4099	2207
4100	1503
4101	1020
4102	1925
4103	517
4104	380
4105	1906
4106	406
4107	290
4108	1934
4109	314
4110	2448
4111	1204
4112	2172
4113	237
4114	1341
4115	65
4116	937
4117	1607
4118	887
4119	1669
4120	1351
4121	1060
4122	362
4123	2167
4124	1308
4125	2363
4126	2185
4127	1577
4128	1972
4129	579
4130	660
4131	2055
4132	2090
4133	577
4134	773
4135	2129
4136	499
4137	2304
4138	2189
4139	414
4140	975
4141	2300
4142	843
4143	649
4144	2124
4145	437
4146	1370
4147	1432
4148	1301
4149	2279
4150	2182
4151	392
4152	2142
4153	2387
4154	952
4155	2091
4156	1055
4157	2333
4158	2486
4159	2496
4160	2277
4161	581
4162	2081
4163	1074
4164	1723
4165	2253
4166	2185
4167	1717
4168	363
4169	1140
4170	2303
4171	905
4172	943
4173	1808
4174	376
4175	427
4176	1434
4177	2022
4178	2269
4179	593
4180	792
4181	1026
4182	2452
4183	481
4184	887
4185	799
4186	295
4187	2190
4188	541
4189	1630
4190	1002
4191	2096
4192	1108
4193	1518
4194	11
4195	2062
4196	1432
4197	1737
4198	1795
4199	1705
4200	1487
4201	1534
4202	212
4203	1944
4204	1250
4205	627
4206	2022
4207	1462
4208	274
4209	722
4210	487
4211	2279
4212	2182
4213	2136
4214	114
4215	1126
4216	1174
4217	2001
4218	1439
4219	1562
4220	1850
4221	1528
4222	401
4223	847
4224	1585
4225	1351
4226	2167
4227	2252
4228	2455
4229	1437
4230	2199
4231	1434
4232	143
4233	2399
4234	1703
4235	736
4236	1765
4237	1088
4238	2198
4239	351
4240	1388
4241	1728
4242	537
4243	535
4244	2332
4245	1165
4246	453
4247	1534
4248	2062
4249	2254
4250	1487
4251	1896
4252	950
4253	997
4254	1787
4255	1827
4256	897
4257	1712
4258	2362
4259	2044
4260	1996
4261	1550
4262	1402
4263	2371
4264	1894
4265	893
4266	2435
4267	1034
4268	1514
4269	1476
4270	773
4271	1588
4272	1692
4273	1455
4274	1489
4275	968
4276	2464
4277	1093
4278	456
4279	1952
4280	329
4281	854
4282	248
4283	598
4284	2243
4285	74
4286	1663
4287	817
4288	2138
4289	473
4290	2353
4291	1932
4292	311
4293	1582
4294	1783
4295	365
4296	387
4297	262
4298	1252
4299	697
4300	739
4301	1310
4302	1310
4303	2230
4304	2146
4305	2475
4306	690
4307	1698
4308	886
4309	75
4310	2169
4311	2431
4312	728
4313	613
4314	94
4315	2467
4316	639
4317	1104
4318	1672
4319	292
4320	2213
4321	726
4322	1535
4323	2038
4324	2188
4325	1176
4326	717
4327	181
4328	2305
4329	357
4330	472
4331	1750
4332	486
4333	2234
4334	1220
4335	824
4336	1544
4337	734
4338	858
4339	1651
4340	777
4341	200
4342	641
4343	214
4344	822
4345	927
4346	215
4347	519
4348	1340
4349	341
4350	291
4351	611
4352	1424
4353	1750
4354	164
4355	2234
4356	788
4357	2301
4358	2275
4359	2362
4360	86
4361	1056
4362	560
4363	235
4364	46
4365	328
4366	2478
4367	224
4368	2438
4369	1101
4370	106
4371	676
4372	2047
4373	2019
4374	2437
4375	530
4376	514
4377	1874
4378	127
4379	482
4380	41
4381	700
4382	1619
4383	2351
4384	539
4385	699
4386	35
4387	290
4388	80
4389	1799
4390	172
4391	556
4392	19
4393	2107
4394	2258
4395	171
4396	256
4397	740
4398	953
4399	1899
4400	581
4401	1037
4402	2474
4403	357
4404	1873
4405	29
4406	1708
4407	1482
4408	164
4409	1
4410	590
4411	712
4412	228
4413	769
4414	40
4415	1101
4416	160
4417	585
4418	1089
4419	1133
4420	208
4421	1682
4422	921
4423	308
4424	535
4425	597
4426	1752
4427	4
4428	1061
4429	73
4430	539
4431	195
4432	1038
4433	908
4434	1625
4435	1767
4436	638
4437	1809
4438	1039
4439	2162
4440	2443
4441	2474
4442	1106
4443	2179
4444	341
4445	1403
4446	567
4447	2411
4448	2455
4449	660
4450	1739
4451	838
4452	1887
4453	1938
4454	2367
4455	2250
4456	1082
4457	1660
4458	74
4459	1001
4460	822
4461	2240
4462	123
4463	1456
4464	1093
4465	2248
4466	2133
4467	2336
4468	1977
4469	1179
4470	1050
4471	1770
4472	1751
4473	1031
4474	478
4475	1476
4476	867
4477	1346
4478	1840
4479	1906
4480	361
4481	2
4482	1785
4483	696
4484	2207
4485	1418
4486	780
4487	734
4488	2403
4489	874
4490	289
4491	856
4492	457
4493	2173
4494	1116
4495	1103
4496	2106
4497	1570
4498	1482
4499	497
4500	1319
4501	525
4502	2282
4503	1973
4504	1614
4505	2275
4506	2480
4507	1870
4508	599
4509	2426
4510	671
4511	2128
4512	597
4513	492
4514	2312
4515	2089
4516	1638
4517	108
4518	778
4519	445
4520	2448
4521	2141
4522	122
4523	39
4524	740
4525	30
4526	667
4527	959
4528	1578
4529	1598
4530	2032
4531	1027
4532	1130
4533	739
4534	1430
4535	578
4536	1623
4537	220
4538	1394
4539	486
4540	1027
4541	27
4542	805
4543	1533
4544	194
4545	627
4546	625
4547	2477
4548	361
4549	1613
4550	340
4551	2312
4552	1529
4553	2012
4554	1419
4555	2101
4556	757
4557	2173
4558	2492
4559	1186
4560	411
4561	853
4562	41
4563	541
4564	610
4565	1296
4566	828
4567	2410
4568	1390
4569	2484
4570	2248
4571	1518
4572	1449
4573	1783
4574	2034
4575	1314
4576	1938
4577	30
4578	1528
4579	2334
4580	1339
4581	993
4582	590
4583	2189
4584	965
4585	961
4586	2179
4587	2345
4588	2470
4589	354
4590	1238
4591	675
4592	2153
4593	2298
4594	915
4595	122
4596	2307
4597	2440
4598	384
4599	1751
4600	1536
4601	1643
4602	27
4603	718
4604	1594
4605	11
4606	2357
4607	1782
4608	765
4609	2125
4610	1547
4611	865
4612	1895
4613	2223
4614	1736
4615	1704
4616	2400
4617	1578
4618	185
4619	2131
4620	72
4621	328
4622	177
4623	2310
4624	1846
4625	879
4626	966
4627	2273
4628	1679
4629	1968
4630	453
4631	1391
4632	1730
4633	929
4634	176
4635	1574
4636	48
4637	1955
4638	1430
4639	170
4640	2328
4641	2301
4642	1451
4643	1370
4644	1980
4645	1533
4646	2034
4647	643
4648	1522
4649	890
4650	1647
4651	1984
4652	2007
4653	123
4654	820
4655	1743
4656	1002
4657	2298
4658	562
4659	1347
4660	872
4661	1949
4662	118
4663	384
4664	1635
4665	1720
4666	1399
4667	1056
4668	989
4669	343
4670	2446
4671	2091
4672	1151
4673	1231
4674	119
4675	217
4676	337
4677	1174
4678	1759
4679	2411
4680	269
4681	1657
4682	277
4683	1470
4684	1959
4685	624
4686	2423
4687	747
4688	1570
4689	1612
4690	1819
4691	2401
4692	1022
4693	1290
4694	1289
4695	856
4696	837
4697	1402
4698	1854
4699	1393
4700	998
4701	250
4702	1921
4703	2133
4704	368
4705	48
4706	629
4707	1919
4708	1696
4709	171
4710	1781
4711	2071
4712	2000
4713	1352
4714	2227
4715	268
4716	2332
4717	1747
4718	1544
4719	1290
4720	2197
4721	1819
4722	817
4723	542
4724	46
4725	1591
4726	371
4727	445
4728	828
4729	1613
4730	1992
4731	1983
4732	459
4733	1346
4734	1152
4735	2470
4736	1980
4737	1248
4738	1422
4739	673
4740	49
4741	973
4742	1451
4743	1135
4744	866
4745	2329
4746	1177
4747	1265
4748	2045
4749	2328
4750	1457
4751	1109
4752	1216
4753	585
4754	1708
4755	696
4756	707
4757	939
4758	763
4759	2357
4760	324
4761	1016
4762	997
4763	1066
4764	2165
4765	524
4766	1550
4767	1587
4768	2052
4769	1702
4770	1615
4771	837
4772	738
4773	2468
4774	117
4775	1905
4776	2095
4777	215
4778	2250
4779	442
4780	2313
4781	1466
4782	75
4783	61
4784	2019
4785	1660
4786	1940
4787	2026
4788	1721
4789	2052
4790	255
4791	2193
4792	1794
4793	1893
4794	2478
4795	1125
4796	859
4797	1039
4798	234
4799	143
4800	2260
4801	488
4802	728
4803	2317
4804	1305
4805	1594
4806	2017
4807	343
4808	1085
4809	1747
4810	2418
4811	1777
4812	349
4813	1643
4814	629
4815	1745
4816	1900
4817	2488
4818	334
4819	2117
4820	523
4821	1748
4822	1823
4823	1314
4824	1426
4825	2017
4826	780
4827	2081
4828	1804
4829	1748
4830	1270
4831	1674
4832	2452
4833	199
4834	2212
4835	843
4836	1538
4837	699
4838	2468
4839	17
4840	1094
4841	1629
4842	1968
4843	1423
4844	859
4845	1418
4846	360
4847	2068
4848	1847
4849	1099
4850	1538
4851	2174
4852	876
4853	480
4854	805
4855	488
4856	917
4857	959
4858	1000
4859	1450
4860	1422
4861	866
4862	1873
4863	1954
4864	1563
4865	2165
4866	1380
4867	1921
4868	1833
4869	1472
4870	702
4871	317
4872	73
4873	250
4874	2360
4875	751
4876	2438
4877	574
4878	2313
4879	479
4880	2323
4881	607
4882	1702
4883	989
4884	1743
4885	1531
4886	2484
4887	998
4888	600
4889	2243
4890	1898
4891	1125
4892	1925
4893	1572
4894	1833
4895	1827
4896	2451
4897	1952
4898	1248
4899	258
4900	2256
4901	217
4902	312
4903	366
4904	2151
4905	1812
4906	2026
4907	1705
4908	630
4909	447
4910	1134
4911	536
4912	607
4913	2050
4914	538
4915	1412
4916	1244
4917	2193
4918	334
4919	71
4920	2317
4921	1811
4922	503
4923	1050
4924	1031
4925	1959
4926	542
4927	239
4928	1602
4929	1296
4930	1399
4931	480
4932	1092
4933	1890
4934	509
4935	258
4936	2376
4937	2181
4938	2174
4939	1347
4940	1472
4941	538
4942	1847
4943	785
4944	1586
4945	2057
4946	129
4947	952
4948	785
4949	1441
4950	1287
4951	2451
4952	958
4953	2125
4954	2151
4955	790
4956	1890
4957	663
4958	96
4959	2153
4960	1321
4961	1328
4962	243
4963	2446
4964	703
4965	1470
4966	1823
4967	2050
4968	2424
4969	1929
4970	2302
4971	1138
4972	1897
4973	787
4974	1426
4975	1437
4976	1875
4977	1954
4978	799
4979	2458
4980	564
4981	1043
4982	1897
4983	1547
4984	71
4985	2424
4986	10
4987	705
4988	929
4989	1067
4990	1092
4991	1649
4992	1565
4993	2302
4994	298
4995	10
4996	1566
4997	1287
4998	820
4999	1566
5000	1929
