Course	Room	Teacher	Time	Students
002153	PK20	0428815	1	4176698 4093136 4091785 3915038 4095876 3956631 4282188 3904324 4092159 3988502 4252142 4001999 4193260 4090749 4094796 3883991 4095424 3789439 4280947 3891249 3937160 4093853 3994652 3901577 3915155 3584557 3579867 4280140 4278034 4075429 3560236 4081695 4229863 4095897 4132153 4174837 4093806 4280693 4002075 3921208 4096706 4157786 4278484 3931946 4174617 3936726 4278360 4280526 4176624 4002909 4174889 4001588 3995802 3901731 3968696 3822201 4280648 4180434 4279649 3970633 3915099 4155489 4093612 4175771 4007305 3915711 4181243 4281892 4096262 4003319 4280907 4003168 4086083 4281868 
014569	PK20	0409956	2	4093315 3875914 4002204 4151426 3915038 4043326 4260945 4231518 4282188 3910347 3904320 4181031 4252142 4094640 4084615 4090749 4280947 4278502 3937160 3994652 4127014 3852207 3915155 3910582 4269602 4161057 4129668 4229863 4164342 4096964 4153748 3910479 4280174 4174837 3903896 4093806 4093255 4280693 4277924 4157786 3931946 4181143 3913768 4041708 4280526 4176624 4278465 4174889 3881459 4280153 4158492 4150362 4096738 4155489 4093612 4169561 4175771 4170423 3910700 4278355 4281409 4134616 4093409 4003319 4279708 3941070 3789806 4280849 4281868 
002161	PK20	3926209	3	4093315 3913671 3539996 3902196 3799593 3989696 4278502 3907037 4095083 3823391 4002094 3913863 3911054 3845742 3858042 3869959 3822778 3928589 3910587 3816108 4041708 3910848 4003188 4014851 3902911 3854723 4000366 3964186 3930817 4086277 3902905 3789493 3929235 3890005 3915040 4170299 3899772 4280706 3906818 3931666 4015108 4174206 3576379 3823307 
006026	PK20	0972342	4	4086413 4146462 4148521 4140278 3790792 4000862 4126536 4034558 3843290 4175454 4279855 3930302 4165491 3725997 3652353 3691794 4176082 4175513 3852207 3905871 4003131 4269602 3914822 4278521 4372212 4371979 4152983 3929419 4371972 4175485 4096964 3821097 3931962 4372068 3768588 4372070 4086335 4181152 3930168 3930162 4086320 4097054 4086476 3695145 4175369 4372017 4086317 3913807 4000367 4175373 3768620 4280648 3920668 3930544 4150774 4279649 3722926 3818227 4000229 4000795 4095004 4280475 3930731 4169561 4170423 4003534 4176818 3915040 4281409 4095243 4175540 4096913 4170322 4175436 3969851 3906818 4371999 3785953 3823307 
006031	PK20	3839982	5	4044087 4277662 4175528 4232308 3987067 4371037 3970539 3902196 4175534 4175535 4280138 4151626 4143476 4086619 4094640 3881597 4140259 3902439 4091439 4280941 4280946 4092633 4176463 4193252 4175519 3931686 4233573 4280375 3975962 3936964 4279920 4073784 4175494 4095088 4373610 3759092 4127521 3910652 4165503 4095703 3808480 4372246 4093806 4092819 3983482 4043543 4094965 4086257 4278489 4278484 4278447 4174768 4086269 3910848 4280524 3932941 4150362 3910547 4281934 3650239 3974846 3848415 3820378 4175300 3821008 4280653 4175313 3821016 4093970 4277951 4170299 4093159 4175326 4281093 4003168 3931881 
001152	PK20	4354559	6	4146462 3991180 4277844 4277525 4093126 3851827 3978317 4254672 4091510 3989696 4003389 4181031 4125081 4094796 4158080 3997010 4096749 4181991 4176721 4037591 4152351 4280140 4278034 4169489 4276256 4152983 4277782 4081695 4093026 3997576 4181151 4181152 4092251 3759127 4371918 4281002 4279995 3759337 4278481 4091672 4282008 4041708 4278360 4281294 3902911 4062513 4276567 4181049 4038907 3881459 3797266 3931449 4278573 4280889 3932089 4275712 4175304 4093611 4155489 4282720 4003534 4280913 3959570 4164263 3921659 3899772 4278720 4279708 4280050 
006024	PK20	3839982	7	4176699 4151426 4091782 4175456 3894530 4180395 3978317 4254672 4282188 4175448 4278528 4280622 4279624 4092335 3976675 4176789 4175292 3964713 4371958 4175354 4280140 4278034 4372054 4003434 3823391 4277782 4193341 4170444 4023438 4132153 4372246 4003642 4276333 4278491 3921208 3948045 4174776 4157786 3905830 4181143 4174617 3936726 4280525 4278618 4152941 4174889 4180953 4372026 4091805 4175418 4280898 4280658 4175771 4278351 4176781 4134616 4175541 4281892 3995568 4175333 4281869 4278394 3844962 
016926	PK20	4172051	8	4282999 3929575 3816992 4232308 4175458 4095445 4090814 3995719 4276031 4000249 3999899 4091767 4096358 3905623 3910321 4175358 3852217 3937982 4279035 4279329 4096769 4152767 3913437 3817087 3910645 3561430 4072230 4094965 3790928 4277523 3792443 4000998 4091672 4170477 4278366 3781152 3843810 4175371 3893220 3821589 3819372 3817379 4263456 4000420 4096738 4093165 3929165 4070957 3820958 3850568 4096266 3693891 3988063 4093119 3910765 4280607 4087228 
002368	PK20	0697660	9	4091784 4371037 4094012 3910740 4278528 3953266 4258417 4372200 4095425 4280946 4093324 4372210 4371959 4003130 3913781 4279920 4175386 3937982 4372052 4076454 4371975 3915267 3910495 4170444 4044003 3949783 4140702 4282115 3995827 4175344 4278991 3861339 4181151 4176023 3910584 4243051 4086474 4278366 4086315 4176624 3905822 4278618 3756293 4281934 4000795 4175303 4174366 4280475 3930485 4236548 4175408 4281628 4176818 4281391 4175551 4371991 4278394 
015114	PK20	0820103	10	3914515 4256032 3796148 4043326 4001431 3871572 3969305 3910347 3910529 3821059 3905189 4090975 4084615 4175509 4175500 3790244 3930865 4086376 4176465 3820587 4277251 4096983 4023528 3929739 3817260 3929894 3905868 3704166 3910624 3910644 4003415 4093255 4181151 4043549 4086253 3611135 3819613 3883637 4095133 4280078 3929235 4094813 4091895 3930831 3910567 3904411 4096913 4000336 3910718 3818676 3839352 3910502 
007368	PK20	4354081	11	3819393 3875914 3884178 3843290 4275968 3821044 3995719 4277527 3711764 3942061 4181036 3905623 3691794 4278502 3891249 4000812 3901577 3941346 4073784 4280365 4193293 4281029 4133513 4132153 3819332 4140702 4138433 4280500 4162177 4279995 4278485 4280526 3905822 4093748 3931449 4280648 4180325 4003045 3910427 4175888 4169561 4236548 4093370 4134616 4055257 4093409 3821069 4003319 4280050 3950836 3910185 
002992	PK20	4358918	12	4372224 4276195 4276031 4260945 3814296 4277274 3942061 4258417 4092335 4371027 4176789 4095190 4278502 4000253 4371956 4127014 4230476 3929739 4095088 4092290 3674492 4176668 4276784 4280365 3817419 4081695 4095703 3821958 4077315 4282115 3913138 4095985 3816483 3937404 4091877 4062513 4165473 4000795 3927400 4280475 4070957 4090845 4175322 4280706 4003163 4001712 4280607 4092173 
002562	PK20	1168490	13	3913185 4095047 3821687 3910516 3902196 4277274 3956631 4095302 4231518 4175374 4151626 4175290 4086375 3934527 4280941 4230476 3905871 4086635 3910623 3969214 4276784 4096964 3818773 4281163 3901004 3797868 3910672 4281005 4278489 4278447 3799529 4091877 3879518 4281294 3914928 4371930 4000418 4280721 3935616 3910702 4175401 4281391 4176781 3930052 4280703 4281093 4280849 
003406	PK20	1167851	14	4176698 4276714 4151426 4044450 4277274 3956631 4282188 4092335 3692316 4176789 4193252 4278990 4280157 4277782 4093015 4081695 4127521 4133513 4276333 3869959 4278991 4280693 4092920 4281002 4279995 4277523 4097054 3722764 4278485 4275431 4276567 4158492 4280880 4468375 4281628 4278351 4093973 4277607 4281093 4280050 3995568 3950836 4281868 
017120	PK20	0806046	15	4003177 3995730 4086397 3852791 3789283 3910526 3910688 3793534 3914552 3953819 4164342 3930967 3912597 3914344 4181152 4193360 3816108 4091443 4096706 3708949 4002914 3923376 3913768 4278360 4176624 4276567 4095965 3797266 4086300 4003045 4275712 3927400 4096206 3768515 4278355 3651348 3819353 3716140 4093409 3992528 3899772 3908314 3929586 3785953 
007375	PK20	0820103	16	4280591 4001881 3819645 4092144 4165491 3821034 4175472 3910680 3652353 4096186 3818807 3929222 3818480 3929894 4075429 3929704 4277782 3666995 3834985 3788919 3822148 3930763 3846234 4181151 3610287 4175355 3789529 3611135 4175373 4050929 3817379 4095133 4091895 4280864 4280913 3823092 3630474 4090844 3904411 3910712 4164263 3818676 3901790 4095472 3785953 
006847	PK20	0031347	17	3819393 3995730 3817487 3539996 3885128 4095301 3852791 3930302 3883991 4086377 4086364 3914552 3929222 4096177 3833378 3560236 3911054 3712888 4086241 3914344 4002075 3921208 3816104 3695145 3789529 3854723 3774808 3910617 3964186 3821632 3902905 3910738 3861195 3796247 3817969 3910702 3910704 3823094 4086415 3929812 4086222 4174206 3576379 3844962 
013613	PK20	0492580	18	4086411 4095302 3693840 4086281 4086284 4003131 4175499 4175498 4086369 3821886 4086353 4086356 3909951 4093026 3817087 4086240 3910586 4086323 4092801 4091672 4170471 4086269 3928826 4175370 3964183 4086270 4086457 4093607 4175309 4086425 3930485 3890005 3995568 4091806 3930042 4281869 
008764	PK25	4362871	1	4280591 4091784 4095047 4279855 3951543 4277527 4078277 4181031 4091767 3905623 4026411 4017901 4095086 3931970 4092290 3931962 4091072 4193360 4162177 3937404 4278489 4002914 3923376 4282008 4181049 4180325 4278734 3927400 4096206 3890005 4281628 4093159 3929810 3941070 4003485 4175250 
006504	PK25	3083296	2	4277844 4093423 3995227 3995719 4277527 3878563 3858245 4093853 4233573 4174380 4003434 3724014 4133513 3821179 4278491 4092819 3851846 4281005 4097054 3961853 4093282 3931388 4280524 3883637 4236548 4372198 3888348 4277951 4003168 3941668 
004012	PK25	3197197	3	3973168 4280622 4151626 4090749 4174392 4280375 4176668 3560236 4193341 4170524 4138433 4243051 4097054 4150362 4275712 4279649 4277951 4095243 4174231 4092173 
016609	PK25	4273392	4	3987067 4086398 3852791 3797168 3689328 3796007 3797192 4175465 3910674 3705083 4095224 3905868 3704166 3910492 3910470 3816336 3910642 3923473 3910672 4086496 3910592 3910594 3789529 3819613 3818746 3717137 3677885 3910722 4086309 3910555 3984532 3930831 3651348 4175546 3910576 3910570 4279708 4095472 3910507 3910506 
006043	PK25	0207327	5	4095047 3930683 3690799 3930303 3691783 3769368 3222918 4092290 3929679 3910654 3930296 3909951 3910487 3917445 3861339 3817507 3820963 3914754 3929468 3820971 3903994 3817637 4093607 3910695 4095001 4093989 3887957 3788990 3716140 3910629 4086223 4093293 4087228 
007407	PK25	0031631	6	3667385 3819645 3712913 3816992 3774943 3592680 3820479 3789136 3931323 3689328 3816970 3796007 3931688 3797192 3817682 3817260 3724014 3691616 3816336 3931959 3818762 3722764 3796723 3818746 3774116 3711406 3796964 3651750 3630474 3768356 3910712 3693185 3467384 3789573 3767997 
002876	PK25	1084458	7	4170472 4090814 3973168 4372233 4146034 4278829 4371947 3904102 4252142 4125081 3881597 3934527 3973885 4175486 4280174 4002113 4371919 4174768 4153409 4002909 3932941 3920668 4125799 3910608 3559872 4174480 4181243 3773692 3822912 4096262 4003839 3880322 4096899 
016952	PK25	4177943	8	4001881 4275968 3687862 3988502 4129521 3816463 3829442 3820587 3797206 4003131 3668130 3611048 3823151 3910493 4170444 3610382 4262071 3910648 3678357 4175344 3708638 4093282 4000195 4280526 3823262 4175360 3818675 3816708 4170423 3823473 3773692 4175546 3928966 3973360 
004275	PK25	0949010	9	3930841 3894530 4372230 3814107 3885128 4233573 3876667 4371969 3856450 4086348 4372246 3953233 4091072 4371035 4278491 4280182 4371917 4012510 4372006 3708949 3820974 4181049 4038907 4093748 4371933 3851736 4280889 4096206 4093973 4055257 4259993 
003014	PK25	3332662	10	4091784 4095046 3821044 4373611 4091510 4090806 3878563 3908117 4093324 3910582 3764207 3905861 4093015 3914814 4023438 4092670 4014292 4277915 4091672 3914724 4092833 3821632 4091805 3711406 3910558 3913606 3910700 3930052 3921659 4281093 4003163 3995568 3820032 
003454	PK25	3092941	11	3817981 3995227 3797324 3816997 3969305 4091773 4000249 3914449 4090975 3929289 3883991 4023528 3957394 3911048 3930190 4091718 4000195 4170477 3821589 4002806 3818770 3930721 4095004 3822731 4095807 4003839 3931889 4003485 
002397	PK25	0493725	12	3915028 3930118 4091784 4037411 4094012 3821273 3930890 4175374 4011555 4045331 4003130 4176079 3914498 4176023 4086474 3665300 3910937 3905822 3820397 3793612 4175371 3756293 3821632 4094175 3910691 3910636 4175400 3908300 3930137 3816549 4094815 
008420	PK25	4177943	13	3875914 3930865 4093475 4096983 4096186 4181991 4278454 4169489 3914696 4164342 4074784 3931962 3930614 4002846 4140702 4005905 3953233 4170524 3819230 3823262 3901936 3851736 4003199 4280648 3970633 4096206 3759024 3929810 
002571	PK25	0564741	14	4175523 3910514 4091996 3881597 4086378 3848104 3973885 3904645 3819143 3820729 4095234 4086346 4086345 4002113 3678357 3821554 3708638 4086322 3929468 3710476 3994843 3848415 3820378 4093611 3790857 3792350 3847728 4086430 3910715 3797331 3820038 
007396	PK25	0162977	15	3796148 3816992 3722992 3592680 4037708 3789136 3910343 3692316 3816970 4087169 4280157 3821088 3863747 3728679 3691616 3846234 3931959 4092928 3816104 3483059 3821766 3796723 3903986 3910720 3930547 3902905 4372030 3409210 4096261 3693185 3767997 
015113	PK25	0820103	17	4086413 3796148 3730202 3910532 3652353 3910670 3796906 3668130 3817260 3821088 4086351 3915267 3834985 3832060 3910673 3910588 4277915 3910661 3821571 3819367 3722926 3910604 3814239 3759872 3929235 3630501 3693501 4096251 
014099	PK25	0409956	16	4095301 3904320 3692316 3725997 3788897 3689328 3907037 3846717 3911054 3822778 3921208 3694712 3722764 3913768 4014851 4086447 3913807 3929849 3968696 3930817 3788743 3928966 3929586 3789573 
010851	PK25	0207327	18	3690361 3991180 3821044 4280948 3928890 3818480 3930469 3930296 3910649 3910641 3930168 3820963 3821643 3774021 4093611 3790857 3788990 3716140 4086223 3820038 3821077 3929979 
004010	PK278	4089710	1	3951018 3860357 3722992 4254672 4280941 4193252 3819269 4096983 3935260 3929704 4152983 4093015 3834985 4282115 3610287 4277523 4170471 4372021 4086277 3818770 3910609 4170423 3915042 4096266 3931881 4280849 
017118	PK278	4170165	2	4044087 3871572 3789283 3798513 4010147 4086280 3829442 3902404 4000812 3811941 3931970 4090730 4262071 4280500 4088956 3576990 3931836 3910848 4244933 3717137 3932941 3910725 4278573 3984532 4003534 4086443 3910766 3467384 
007007	PK278	0028980	3	4280591 4279260 4276714 4180395 3905623 4096749 3820858 4282099 4181991 4031284 3768339 4278454 4152983 4164342 3904251 4280500 4181152 4088956 4372390 4181049 3818746 4038907 4277162 4278734 4007305 4175407 4176818 4096251 
009362	PK278	0125630	4	3768088 4175389 4175500 4176789 3931323 3668130 3789070 4086342 3823387 3610382 3910648 4175344 4176023 3915243 3668378 3821571 3851736 4280880 4175308 4175410 4372037 3928949 3759872 4175310 4175409 4278355 4175327 4174231 4175337 
006500	PK278	0031399	5	3929776 3930674 4091510 4193260 4095425 4280947 4175516 3928890 3994733 4281029 4043840 3910641 3819230 4092928 4277924 4281002 4086327 4278481 3915243 4275431 4180508 4280864 4134616 4174231 4164263 3693891 4180447 
017106	PK278	3436165	6	3823338 3903861 4090975 4175478 3930864 4233573 3818805 3609553 3910464 4278491 3973119 3901722 3816174 3910937 3913815 3910609 3814239 4091895 3887480 4277607 3823228 3579361 
004838	PK278	0031373	7	3712913 3823338 4280642 3888468 3902196 3942061 3816860 3821195 4280947 4176086 4139961 4280375 3910649 4092675 4280697 4281005 3929864 3796926 4281294 3819585 4371932 4180435 4092823 3928949 3651750 3827187 3820037 4095472 
001546	PK278	0031756	8	4146462 3818064 3987067 4175451 3951543 4175440 4095053 3989696 4095088 4175380 4096176 4095234 3909951 4077315 4096706 4278489 3968696 3818227 4175302 4175300 3788983 3821254 4281869 3910508 4086236 
006851	PK278	1167884	9	3910741 4280622 4280138 4279624 4086619 4276023 4140259 4280375 4176079 4095083 3914498 4002094 3759092 4193341 4003642 3948045 4278489 4003188 4280525 4152941 4280721 4280653 4278351 4280907 
008423	PK278	4177943	10	3816997 3888468 4174660 4127367 4358230 3997010 3818805 3817419 4193293 3953825 3699613 3818771 3902614 4278485 3915243 3820768 3932943 4180325 4278734 4280653 4155489 4174957 4090844 3929810 4130250 3901669 
001845	PK278	3646542	11	4095301 4001999 4093066 4095424 4086287 4134408 4093853 3994652 3914552 3818025 4003434 4091072 3822778 3847931 3818762 3928589 3931946 4174617 3901731 3968696 3822201 3970633 4115871 4007305 4175330 
006539	PK278	3083296	12	4280622 4175299 4091767 3651486 3846717 3876667 4279329 3929419 4127521 3953825 3759552 4170524 3912597 3997576 3759127 3901004 3923376 3668365 3903520 3922542 3935616 3819353 3930052 3949607 3839352 
013627	PK278	3459335	13	3680751 3995730 3799593 3930302 3790244 3725997 3652353 3907037 3818807 3818024 3808480 3845742 3820732 3694712 3695145 3929849 3930817 3930544 3915040 3693712 4096913 3906818 3785953 3823307 
016984	PK278	1024995	14	4044087 3667654 3991180 3903909 3762625 3930891 4026411 3585962 4127014 3668130 3823151 3724014 4090730 4005905 3711797 3901004 3759337 4000195 3805981 4115871 4175404 4092767 4092173 
003019	PK278	4354612	15	3930070 4140278 4175524 4092144 4278528 3910524 3693840 4175292 4280941 3931686 3904254 4093026 4092819 4043543 3929472 3792443 4175363 4468375 3890005 4175405 4176781 3929979 
012107	PK278	0031619	16	3816997 3910179 4001431 4095876 3903861 4078277 3883991 4087169 3905868 3817419 4074784 3910583 4091443 3821766 3799529 4467145 3820768 3797266 3931453 4175888 3915042 3992528 
007381	PK278	0031611	17	4043326 3871572 4277274 4037708 3930864 4175513 3930469 4373612 4003415 4093255 3799474 3851846 3821766 3973119 4086313 3883637 3774116 3910553 4280078 3821016 3930831 4281391 3715444 
004276	PK278	1165566	18	3988502 4174908 4143476 4181991 4086294 4175351 4175490 4278454 4279035 4129668 4371971 4175348 4193360 3895612 4371910 4086477 3913164 4175375 3589576 3982946 3915099 3910632 
001249	PK180	0254151	1	3630526 3580586 3821059 3797164 3690845 3581265 3931971 3611048 3797839 3704166 3931064 3714653 3651465 3820397 3774808 3668365 3817177 3910738 3764422 3929165 3694668 3771747 3699567 
016852	PK180	3479968	2	3775417 4090814 3910745 4143476 3906250 4086294 3668130 3796974 3703938 3913437 3910649 3797532 3610287 3903520 3789315 3910567 4086501 3910713 3976786 3612203 4174840 3880322 
005154	PK180	1020104	3	3889653 3930070 4091785 3910179 3816180 3818782 3817261 4074784 3930614 3839910 4175368 3928941 4174957 3768025 3904411 3930220 4086083 4093119 3929800 
011295	PK180	4170297	4	4095301 3988502 3788897 4093475 4086279 4175480 3808480 3910481 3910647 4086249 3910584 4086477 3913164 4002909 3822218 3915099 3817969 4086216 3823402 3699567 3910185 
010725	PK180	3092941	5	3796148 3790792 3818274 3789283 3816181 3999899 3816860 4158080 4096749 4023528 3227350 3957394 3910496 3759552 3561430 3815902 3797084 3821766 3822201 4275712 3609407 3676165 3817969 
015500	PK180	0695890	6	4175523 4175531 4000483 4086379 3824908 3768339 4094613 3855583 3910656 4003415 4086254 4086317 4175373 3715155 3931453 4086424 3929237 4090841 3910576 3988063 4175551 
003007	PK180	3473854	7	3908117 4175389 3821034 4282099 3796906 4279920 4093015 3851913 4175489 4165503 3464954 4175347 4092819 4043543 3817637 3910610 4372023 4175309 4468375 4280913 4175327 
015135	PK180	3899727	8	3799593 4092159 4091996 4001999 4094796 3560236 4095897 3821097 4093806 4002075 3816108 4174617 3789529 4001588 3930547 4115871 3861195 3915711 4096262 3914502 
008770	PK180	0899465	9	3875914 4280030 4260945 4231518 4193260 4175521 4095424 4011555 4096749 4094613 4133513 3931836 4086227 4181143 3793612 4180434 4468375 3887957 3821069 4093416 
002567	PK180	4177047	10	4044087 4175533 3910524 4276023 4175291 3858245 4089004 4175511 3930253 3994733 3910469 4174776 3458065 4277909 4149852 3910557 4093970 4175548 4175437 4175438 4281886 
015855	PK180	3927894	11	4276195 4086480 4091782 4276031 3687862 3994726 4011555 3929739 4091899 3930705 3817427 4095965 4003199 3821632 3823278 4280658 4090845 4093970 4086404 3910766 4096251 
001164	PK180	4092864	12	3851827 3692316 4086279 3821088 3863747 3845742 4012510 3651465 3774808 3931449 4003045 3932089 4002806 3817177 4372039 4007305 3716140 4096913 4000336 3906818 3771747 
003270	PK180	0492451	13	4276195 3616206 4095053 3930891 4000483 4091439 3931202 3822148 3914750 3920306 4093748 3901731 3922542 3960504 3822731 3910427 4095128 4280864 4175437 4003839 
001424	PK180	0020093	14	4371026 3930260 3914552 4175357 4152351 4193293 4175482 3832060 4280182 3915054 3922150 4371940 3932941 4023381 4256760 4086501 4055257 4278383 4277616 4281886 
016843	PK180	4354084	15	4000862 4078277 4280138 3816466 3797192 3797206 3610671 3910471 3930614 4090714 3930705 4277162 3969108 3823278 3935616 3609407 3815949 4070957 3823092 3888348 
013193	PK180	0898918	16	3819393 3913671 3843290 3710991 3821166 3764208 3833378 3863747 3712888 3858042 3914344 3818762 3708949 3918056 3521001 3861195 3796247 3821069 3914502 3715444 
003441	PK180	0897706	17	4175523 3762625 3969305 4095302 3820010 3929635 3914449 4276256 4043840 3904251 3931001 3914745 3930162 4280465 3994843 3930220 4175436 
006045	PK180	0031526	18	4093423 3930301 3691783 3796906 4017901 4095080 4095086 3973885 4092290 4095234 3821958 4092833 4091936 3922542 3887957 3850568 4092769 3667464 
011962	PK338	0492451	1	3903909 3904334 3816463 4086379 3824908 4175281 4175284 4094613 3903092 3914745 4086244 4086473 4086317 3774021 3910548 3894333 3931453 4093186 3788983 
004282	PK338	1165566	2	3816993 3821269 3583596 3930260 3789439 4175287 3579867 3579645 3910870 4003642 3929864 3910595 4086309 3910605 3914251 3929237 3823094 3844962 
003029	PK338	4354612	3	4086215 4086281 4086356 3851913 4086345 3653200 4175347 4086240 3914754 4086323 3819177 4086269 4086260 3817637 4086270 3819598 3930034 3823402 3820032 
005723	PK338	4170914	4	4280642 4174660 4003389 4174272 3975962 4175388 4281029 4276333 4280500 3843810 4158492 4180435 4175309 4096738 3928941 3850568 4001712 4280050 
015445	PK338	0162976	5	3910744 3730202 3793534 3816466 3797576 3797683 3689944 3695345 3819542 3792443 3914354 3715174 3817427 3910668 3818227 3815949 3816549 3910766 
006538	PK338	4092861	6	3914515 4175492 3904320 4086387 3876667 4161057 4003434 3666995 4175394 3931962 3914371 4280525 3903994 4277162 3823092 3914502 4095472 
017168	PK338	0802802	7	4176698 4275968 4277525 4277527 3910687 4000253 3910470 4174837 4162177 3851736 4280880 4174957 4175888 3768025 4281628 4270406 4086083 
004356	PK338	0847593	8	3991180 4277844 4037708 4371024 4252142 4086619 3994726 4096186 4176077 3905460 3917445 4280697 4278447 4280524 4023381 4280721 4280078 4096261 
003460	PK338	3393009	9	3871577 4175299 3902404 4174392 3692164 4229863 4175485 4175481 3910499 3464954 3914745 3901004 3929468 4278350 4095807 3941070 4174840 
007028	PK338	0316015	10	4277662 4001999 4094796 4091163 4095424 3901577 4175286 4031284 4152767 3816108 3937404 3930705 3914928 3931449 3964186 4093973 3931881 4002166 
004016	PK338	3460456	11	4143065 4094498 4097018 4001662 4001717 4095897 4092675 3965315 3458065 3692536 4174768 4175962 3969108 4125799 4256760 3921659 4280706 
008469	PK338	3420576	12	4095876 4091439 3820858 4175354 3913781 3914696 4090730 3822148 3823387 4002846 4005905 3902614 3965315 4091443 3901936 4092004 3992528 3929810 
015016	PK338	3764403	13	4002204 3816992 4000862 4143065 4180395 3824908 4023528 3975962 4279035 4129668 4278034 4002113 4002909 3910618 3559872 4181243 4003319 
004889	PK338	0321808	14	3816180 3816860 3910686 3821180 3821886 3820380 3819585 3790825 3910609 3486653 3820900 3910630 3820958 3609410 3717144 3910713 3579361 
008773	PK338	3194197	15	3930891 4165491 4090975 4000483 4086377 4175358 4095083 4076454 3808480 4140702 3902614 3759127 4278485 3920306 3964186 4093612 4175771 4090841 
016846	PK338	3318436	16	4143065 4095309 3914683 4276023 3881597 3957394 3789070 4175394 3910642 4174776 4174889 3818770 4003534 4130250 4175422 3910507 
007041	PK338	0162976	17	3915038 3904320 3821059 4086379 4026411 3817261 4175497 4094613 3903092 3771823 4086466 3930168 3901722 3913396 4086457 3930054 4096266 3788743 
016844	PK338	0031572	18	3930070 3821269 4175470 4093324 4023438 4278366 4086445 3913815 4175405 3915044 4095930 3788983 4086083 4175331 3839352 
007403	PK243	0031611	1	3913671 3910347 3796237 4175290 3907037 3833378 3910492 3911054 3816336 3822778 3722764 3910848 3910721 3910555 3929235 3910501 
004066	PK243	1167978	2	3797324 3910517 3910527 3910531 3818025 3818029 3584557 3699613 3879197 3823311 3768625 3796254 3908300 3694668 3792350 3768034 3905715 
005190	PK243	1137952	3	4277525 3910523 3910532 3914696 3929704 3910468 3816483 4162177 3901936 3910725 3929849 3910549 3930025 3792406 3820958 3992528 3930042 
010965	PK243	0897706	4	3930303 4086376 4096358 3829442 3692164 3929222 3823151 3788919 3759552 3910464 3819309 3819304 3901004 3805981 3913159 3820992 
001750	PK243	4196252	5	3684090 3857764 3852217 3910497 3930763 3971828 3910678 3843810 3913159 4000367 3816486 4281409 3819353 3910622 
011342	PK243	3460456	6	4276195 4094012 4280138 4279624 4282099 4280786 4193293 4377190 4280524 4092823 4280898 4280475 4281892 4130250 4280607 
002412	PK243	0031373	8	4093959 3816203 4095206 3929651 3818805 3914498 4001654 4371973 4282115 3931946 4170471 3969108 4175377 4091936 4093989 4277616 
007128	PK243	3198619	7	3687862 3910753 3585962 3609553 4090714 3665300 3820395 3821571 3650225 3099420 3768620 3589576 3816708 3655428 3693501 4096251 
003275	PK243	0695890	9	4002204 3910515 3851838 3814296 3930891 4091163 4175287 4175463 4073784 3855583 3910650 3561430 3820970 3796964 3819628 3901254 
003008	PK243	3473854	10	4086350 3910740 4175389 4280140 3910471 3930168 4175361 4278618 4175300 3910633 4175409 4086220 4371991 4175333 4093119 
006060	PK243	0409737	11	3769368 3796906 3653200 3821393 3910487 3820963 3820971 3692862 3821643 3817637 3715155 3910695 3816486 3667464 3820038 3820032 
007398	PK243	0851717	12	3722992 3610681 3797168 3931323 4086371 3816970 3930469 3929704 3914814 3483059 3818746 3717137 4094813 3904965 3630474 
015416	PK243	3194197	13	3790792 4040430 3846234 3913138 3714653 3819546 3914906 4086323 3715174 4174897 3903833 3676165 4086436 4086437 3910626 4086409 
002564	PK243	0564741	15	4091782 4254672 4086215 4089004 4371955 3994733 4093282 3816174 4277909 4001588 3995802 3932943 4180325 3974846 4093970 3901254 
008769	PK243	3996107	14	4140278 4275968 4174908 3876667 4086269 4153409 3881459 3822731 4174957 3823473 4093409 4175540 4270406 4371943 
016923	PK243	0402773	16	3610120 4086382 4092633 3905871 3818773 4086334 4093814 4086255 4086497 4086472 4093778 3910601 4095001 3789493 3822912 
006860	PK243	3461209	17	4093959 4092795 4010147 4092633 3901577 3975962 3994876 4093778 4095001 3922542 3790857 3758045 4277951 4093159 4278383 
011859	PK243	3332662	18	3929776 3671929 4086215 3797683 3914754 3821571 3823278 3903833 3930034 3910695 4093370 3930054 
001444	TH110	0853792	1	3592680 3904102 3930260 4158080 3661465 4276784 3832060 3994876 3910673 3920668 4263456 4176818 4093370 3819433 3930042 
001763	TH110	4176433	2	4095047 4092894 4146034 3914449 4153480 4134408 3929222 4279329 3911048 4000195 4153409 3823192 3711406 3931889 4280607 
015841	TH110	3577228	3	4037708 3930865 3994652 3910670 4095071 3953819 3931970 3819230 4003045 4093186 3910564 3910568 3995576 3901669 
017127	TH110	1020104	4	3690361 4003177 4000812 4153748 4091718 4279995 3923376 4003188 3893220 4165473 4180508 4256760 3817962 
007051	TH110	0031336	5	3915028 3910518 4037411 3930890 4045331 3903092 3665300 3910937 3820397 4244933 3793612 4050929 4175400 
006034	TH110	0213446	6	3915026 4151626 4094640 4280948 4095088 4127521 4095703 3983482 4043543 4000502 4174768 3930817 3930034 3931666 
005263	TH110	0493855	7	4086417 3768972 3690799 3969305 3798513 3823387 3771823 3781152 3931453 3928941 4175312 3930197 3915042 3816832 
015243	TH110	0031631	8	3914515 3667385 3822995 3910343 3797168 3915155 3661465 4095224 3929894 3905868 3483059 3821008 3796964 
013213	TH110	3996564	9	3817001 4094498 4093066 4161057 3821958 4277924 4090714 3922150 4094175 4050929 4175407 4175349 4096914 3910713 
006035	TH110	0409737	10	3915026 3690361 3833424 3799593 3930301 4175505 4280948 4280946 3819269 3222918 3816483 3910629 
016894	TH110	3926311	11	3821269 3930841 3675467 3684090 3904324 3902439 3930253 3579645 3913863 3768625 4000229 3910605 3816722 
006041	TH110	3818520	12	3690361 4092771 4175453 3833424 4280948 3928890 3936964 3915267 3917445 3817507 4093607 3850568 4087228 
004807	TH110	0672202	13	3933304 4280946 4175385 4276256 4281029 3856450 4371917 4012510 4170471 4278360 3964183 4180508 
016440	TH110	4392595	14	4176699 4034558 4094498 4165491 4174380 4096964 3969108 3932943 4175377 4282720 3758045 4175250 
008778	TH110	4168989	15	4372224 4084615 4372059 4093471 4023438 3914371 4086333 4371952 3915088 3913815 4174897 4086437 4095930 
017104	TH110	0431946	16	4086413 3910527 3891249 3818025 3819309 3711797 3928589 3905830 4174480 4094832 4175330 
011190	TH110	4354090	17	4091785 3930841 3860357 3902439 3930253 3913863 4086477 3692862 3902911 3915088 3694668 3821254 3910185 
004036	TH110	3646540	18	4279260 3762625 3871577 4176465 3913210 3931001 3817507 4175362 3914354 4175446 3769494 4175329 3973360 
004290	CARP21	3646542	1	3816993 3684090 3823391 3759092 3910498 3910870 4086249 3929864 3914251 3823094 3768197 
015678	CARP21	3478658	2	4279624 4017901 4095086 4280365 4093026 4280697 4092004 4281934 4280658 4280864 4093973 4281886 
014114	CARP21	0827051	3	4175528 4090806 3858245 3897515 4092633 4175510 4175489 4000502 4278573 4095128 3915711 4175437 
016886	CARP21	0058557	4	4093315 4093136 4175440 3769368 4091767 4175348 3821589 4150362 3790306 3929237 4090841 3844962 
004816	CARP21	0321808	5	3888468 4260945 4000253 4001662 4161057 4076454 4256760 4175311 4181243 4175431 4278383 
006565	CARP21	0031399	6	3910179 4180467 4043790 3846717 4086305 3848104 3458065 3975519 3768620 3816963 3929102 
017116	CARP21	0851717	7	3987067 4043326 4037708 3692316 3915155 4095224 4092251 4043549 3851846 4094813 4091895 4096261 
016614	CARP21	4170946	8	3816180 3910686 3651486 3914820 4175385 3930767 3820380 3821571 3790825 3486653 3609410 4092767 
008774	CARP21	4168989	9	4276714 3995227 4278990 4278521 4077315 3969012 4276567 3960504 3915044 4277616 4079295 
004023	CARP21	0854975	10	4279260 4175524 3908683 3762625 4176721 4002846 4095985 4086492 4175365 4090845 4096899 
013286	CARP21	3318436	11	3824908 3902404 3692164 3914745 4000367 3960504 4174840 4079295 
016863	CARP21	4168993	12	3823338 3973168 4280642 4000249 4181036 4174272 3931836 4152941 4023381 4280465 4180435 
001774	CARP21	3474420	13	4001881 4000812 4175383 3910643 4086246 3819309 3790928 3805981 3913159 3913396 4096914 3839352 
013185	CARP21	3420576	14	3814296 3930865 3820858 3652339 3823387 3902614 3823262 3930721 3915044 4090844 3901669 
001899	CARP21	3899727	15	3930864 3788897 3764208 3819332 3712888 3820732 3611135 3768625 3521001 3796247 3816722 
010944	CARP21	3083296	16	3616206 3908117 3730202 3793534 3464954 3759552 3771823 3913138 3797084 3975519 3630501 
016985	CARP21	1024995	17	3829442 3768339 4037591 3930190 3790928 4170477 3930721 3818675 3773692 4003485 
009225	CARP21	0022277	18	4086619 4174272 3906250 4371956 4096186 4175357 3823151 3945475 4278484 3910634 3789573 
014140	DAL119	0031336	1	3789136 4358230 4091163 4086337 4093161 4175888 4281391 3819628 4270406 
001185	DAL119	3646542	2	4086413 4003389 4044003 3914928 4180434 4002806 4175415 3790306 4278351 4000336 
011827	DAL119	4090501	3	3915029 3930678 3852207 4097018 3861339 3799474 3915054 3929954 3929815 3929812 3902440 
001766	DAL119	4360396	4	3991180 4175395 3997576 4002075 3901484 3781152 3615055 4278720 4096266 3652959 4175338 
001765	DAL119	3927849	5	4086399 4176082 3852806 4243051 4159999 3910614 3822731 4279708 3699561 
011321	DAL119	0028980	6	4086350 3816181 4091163 3464954 3930614 3821552 3929472 4000420 3693712 3974661 
002164	DAL119	0180723	7	3915029 3930678 3852207 4097018 3799474 3994876 3929954 3929815 3929812 3902440 
002163	DAL119	0168378	8	3915029 3930678 4086391 4097018 3799474 3994876 3915054 3929954 3929815 3902440 
005846	DAL119	3479968	9	4170472 4181036 3941346 4180953 4093970 3899772 3880322 4096899 
017117	DAL119	0826176	10	3667654 3903909 3823755 3690799 3651486 3902404 3815902 3576990 3830308 3976786 
007878	DAL119	0031386	11	3712913 3851827 4127367 4372208 3973885 4371973 4275431 4372037 4174480 4094832 
015013	DAL119	0827051	12	3956631 4170444 4132153 3939975 3995827 4371918 4003240 4169561 4000763 4278350 
006049	DAL119	0972342	13	3910530 3928890 3929679 3930296 3903896 3817507 4281910 3692862 3820032 3821077 
003421	DAL119	0024092	14	3816997 4143065 4174660 4193260 4175286 4037591 4280653 3827187 3910564 4003839 
012818	DAL119	3448653	15	4175295 4278990 4003130 3818024 4002094 3910870 3913164 4175371 3822218 4175408 
012487	DAL119	3083296	17	4035604 4086361 4243051 4280525 4095004 4093161 4095079 4095930 4280907 
007113	DAL119	0316015	16	3821687 3929289 3585962 3910582 3929739 3817261 3930614 4090714 4095965 3913606 
005725	DAL119	4362771	18	4282999 4093853 3870878 4094965 4170477 4175368 4175962 3901936 3932089 
008821	PK349	0031572	1	3915028 4037411 3930890 4045331 3665300 3910937 3793612 4175400 3816549 
003485	PK349	0024092	2	3871577 4040430 3692164 3227350 4175381 4096175 4093471 3931158 3934960 3581315 
005295	PK349	4392595	3	3843290 3630526 3910526 3651486 3910321 3847931 3790492 3902759 3575266 
005741	PK349	4362771	4	3914676 3690789 3910650 3819542 3910617 3932089 3717144 4086443 
016832	PK349	3995790	5	4095206 3914820 3910586 3821116 3975519 4000763 3792406 4093416 3818676 
002686	PK349	0138190	6	4092771 4092144 3817048 4092290 3910480 3931451 4000763 4095243 3768034 
001010	PK349	3402041	7	3914696 4077315 4277523 4093282 3930705 4275431 3852520 4092173 
001158	PK349	1020104	8	4140278 4276717 4373611 3576990 3929864 4181143 3920306 3913396 
004809	PK349	3194193	9	3929575 4175859 4278829 4035604 4280365 4281294 4280658 3935616 3931889 
004015	PK349	0854975	11	4143476 3937160 3931686 3852806 4280465 3888348 4003163 4003168 
010860	PK349	3461209	10	4000476 3910659 3910653 4086325 3790857 3910701 3846920 3822912 4086404 
009386	PK349	4354080	12	3818274 3929635 3933304 4371969 4282008 3928941 3910185 
004288	PK349	3646542	13	4226536 3885128 3661465 4086279 3910472 3910870 4280182 4180953 3914251 
008801	PK349	3996107	15	4175509 4077315 3969012 4014851 3904965 4164263 3996082 3699561 
016855	PK349	3474420	14	3910541 3610671 3817261 3900952 3913437 3797084 3619216 3575266 4175431 
002653	PK349	1167978	16	4148348 4040430 4045331 3969214 3879197 4138433 4372390 3920306 3615055 
001771	PK349	1061058	17	3817981 3995227 3856450 3819304 3847931 4282008 4086314 3769494 3910564 
011237	PK349	4354084	18	3910179 3914676 3910753 3994726 3904254 3913807 3913606 4086436 
002874	TH224	0031582	1	3775417 4086294 3941346 3852806 3830308 3910550 4086501 3973360 3880322 
003465	TH224	0599596	2	4175535 3929651 3816483 4467145 3930731 3788743 4270406 3819380 
013184	TH224	3198619	3	3914515 4002204 3860357 4090814 4176086 3904254 3903994 4175303 
013183	TH224	3198619	4	3914449 4031284 4043840 3930967 4278366 3816963 3888348 
003002	TH224	0492580	5	4095302 4011555 4092670 3931836 4280889 3950836 4281869 
006038	TH224	4177047	6	4175392 4175439 4371033 4372015 4086312 4175402 3901254 
007032	TH224	0031573	7	4280138 4175501 4175282 4096983 3904254 4095965 3823278 4280078 
004306	TH224	3646542	8	3816993 3821269 3675467 3583596 3684090 3579645 3910595 3910605 
016882	TH224	4091222	9	3851827 3914683 4095206 4086280 3931686 3931971 3759337 4001588 
015860	TH224	0125630	10	3817487 3816463 3820858 4090730 3903092 4467145 4092004 3915044 
015869	TH224	0701976	11	3914814 3953825 4093255 4092928 3759127 4095133 3901790 4095472 
005228	TH224	3448653	12	3790244 4037591 3823271 4014851 3915099 3930197 3758045 3703427 
002396	TH224	0020988	13	4176079 4095080 3914498 4086333 3756293 4094175 3910691 4094815 
013919	TH224	0897399	14	3930301 4176080 3994733 4174837 3930190 4281163 4090845 4079295 
015856	TH224	3927894	15	3910744 4175351 3669069 4091899 3715174 3817427 3820395 
001752	TH224	3896859	16	4146462 4176668 4135340 4059195 4174366 4086513 3819353 
012320	TH224	3995790	17	3690789 4095206 3821048 3819546 3910700 3930137 
006874	TH224	3646602	18	4093959 4092795 4010147 3904251 4095001 3758045 4278383 
004885	PK179	0672202	1	3929575 3693840 3930767 3820970 3710476 3790825 3486653 
017105	PK179	3436165	2	3816860 3910684 4001662 4092823 3827187 4093165 3910630 
004304	PK179	3448653	3	3675467 3790244 3818024 3716057 3589576 3816722 
014969	PK179	3448653	4	3930118 3929651 3839910 3821162 3821004 3852520 3821254 
007923	PK179	3435819	5	3884178 3913786 4175383 3711797 3796254 4093778 
011296	PK179	0431946	6	3857764 3934527 3821097 3930544 4095004 4079295 
013915	PK179	1168490	7	3910527 3819143 3821393 3678357 3821554 3708638 3797331 
002395	PK179	4358919	8	4175453 4175374 4086315 3822218 4093161 3910702 3929800 
009304	PK179	0493855	9	3889653 3798513 3651486 3914822 3930967 3930731 3976786 
017126	PK179	4354081	10	3852791 3931688 3931202 3834985 3931959 3767997 
003034	PK179	3473854	11	3929776 3910516 3910580 3910588 3613455 3789806 
013155	PK179	3198619	12	3821687 3789070 3860451 3913807 3768620 4003199 
004874	PK179	3436165	13	3888468 3910684 4092823 3827187 3814239 4092767 
017172	PK179	4464860	14	3823271 3905861 3910463 4093159 4092769 
015248	PK179	4172060	15	3929575 4175478 3852217 3832060 3823192 4086270 
016445	PK179	3194193	16	4003389 4017901 3935260 3930296 3971828 4280898 
005258	PK179	4170165	17	3910479 3910559 4093165 4093119 3905715 
015010	PK179	0431946	18	4086413 3884178 3929289 3913786 4088956 3905830 
015655	TAYF	0129398	1	3848104 4280786 4159999 3819598 3910601 3910700 
010966	TAYF	0775640	2	4003177 4372220 4129521 3910537 3797606 4175370 
002433	TAYF	0697660	3	3671929 3929651 4086333 3821162 3821116 3930137 
001757	TAYF	1008897	4	4175478 3852217 3820970 3816486 3699593 4175433 
001474	TAYF	0020093	5	3768972 3704166 3796732 3819367 3789315 3816832 
015432	TAYF	0129398	6	3884178 4086391 3821059 3692862 3652959 
002469	TAYF	4358919	7	3910741 3839910 3821162 3914750 3964183 3910690 
006542	TAYF	0138190	8	4093324 3585962 3724014 4281163 4086253 
017122	TAYF	4392595	9	3860357 3913210 3816764 3910710 
004379	TAYF	0847593	10	3430527 3910480 4023381 3821016 4062047 
001758	TAYF	3460008	11	4282999 4153748 4059195 3769494 4086513 
009232	TAYF	4354604	12	3930683 3816203 3852520 
005120	TAYF	4273391	13	4146034 4125081 3937982 4262071 4002166 
015650	TAYF	4091999	14	3818064 3910674 3823391 4062513 
013210	TAYF	0031582	15	4093126 3934527 3973119 4281409 3976786 
003541	TAYF	0599596	16	3762625 3915038 3797192 3930721 3930220 
014523	TAYF	4170914	17	3914676 3910646 3819542 3822914 
006588	TAYF	4092861	18	3819676 3579116 3820395 3768620 3820378 
014180	BYC106	0599596	1	3691228 3929635 3768339 4091718 3904411 
002464	BYC106	4354604	2	3930683 3821048 3910563 3852520 3929800 
001176	BYC106	4354080	3	3930260 3666995 3768588 3822218 3959570 
002390	BYC106	0316015	4	4371946 4278990 4279035 4093282 4175375 
001755	BYC106	3927849	6	4093959 4252130 4175447 
012355	BYC106	4089714	5	3819645 3910741 4278991 4280475 
012354	BYC106	0031756	7	3989696 3797192 3930831 3910508 
013647	BYC106	0492580	8	3821044 3820971 3613455 3823402 
001837	BYC106	3452118	9	3539996 3576379 
005161	BYC106	0031582	10	3893220 3903520 3928949 4094815 
009299	BYC106	0321808	11	3816180 3712286 3821180 4268891 
006868	BYC106	0750235	12	3610120 3819269 4086250 3822912 
004740	BYC106	3764403	14	4170472 3910475 3703938 3789315 
012665	BYC106	3332662	13	3915267 3819177 3819598 3789806 
015651	BYC106	3478855	15	4175535 3690845 4062513 3910622 
011037	BYC106	3083296	18	3912597 3816963 3816708 
012735	BYC106	1168592	16	3823755 3814296 3914696 3817087 
017121	TAYG	3995790	1	4092795 4000249 4091996 4095190 
002384	BYC106	3473854	17	4175386 3720506 4175310 3910561 
004362	TAYG	0775506	2	4093475 3822201 3931666 3816832 
006523	TAYG	0031573	3	3951018 3930674 3821180 4091877 
005734	TAYG	4362771	5	4181036 4093066 3797532 3693501 
008470	TAYG	0695890	4	4358230 4086337 4093748 3894333 
016879	TAYG	3443571	6	4175472 4086362 3575266 
002374	TAYG	0492580	7	4175470 4281002 3910503 
002373	TAYG	0901151	8	4095703 3918056 4174366 
012353	TAYG	0683480	9	4282999 3819372 3910734 
012352	TAYG	4466695	10	3824908 4262071 4092928 
004293	TAYG	0802802	11	4086309 3929237 3768197 
001562	TAYG	0031756	12	4095053 3989696 3910508 
007882	TAYG	3435819	13	3929289 4175475 3994876 
016885	TAYG	3479968	14	3930763 4000366 3893220 
001242	TAYG	4354604	15	3903909 3576990 3813457 
011322	TAYG	0028980	16	4358230 3965315 3409210 
001427	TAYG	0901151	17	3933304 3920668 3928949 
002383	TAYG	3473854	18	4091782 3816203 4175315 
002420	BYC127	0695890	1	3616206 3821273 4373610 
004810	BYC127	0697660	2	3930303 4000253 
010933	BYC127	0853792	3	3922150 3758075 
001457	BYC127	0901151	4	3768972 3832060 3758075 
007888	BYC127	0772775	5	4088956 3905830 4001712 
001552	BYC127	0129398	7	3818064 4095053 3691783 
016878	BYC127	3443571	8	3667654 3913185 
012734	BYC127	0772775	6	3796254 3683644 3612203 
005272	BYC127	1137952	9	3691228 3821197 3669069 
016862	BYC127	4168993	10	3690789 3695145 
001871	BYC127	4090501	11	3854723 3774808 3789493 
002671	BYC127	0847593	12	3937982 
017124	BYC127	3448653	13	4092675 3823094 
003493	BYC127	0138190	14	4175492 3768088 
005853	BYC127	0031582	16	3904102 3758075 
015417	BYC127	3194197	17	3930890 4086473 
011238	TAYE	4354084	1	3897515 3910561 
004360	BYC127	0847593	15	3928826 4062047 
015014	BYC127	0031756	18	3458065 3910638 
014310	TAYE	4354604	3	3652339 3910483 
011987	TAYE	3764403	2	3830308 3931451 
014185	TAYE	0599596	4	3879197 4002806 
008495	TAYE	0316015	5	3833424 
005745	TAYE	4362771	6	3910646 3910617 
004825	TAYE	4358919	9	4000862 3579361 
013342	TAYE	0493725	7	
015015	TAYE	0031756	10	4146462 
013156	TAYE	3198619	8	3930967 
011208	TAYE	4354090	11	3914251 
017171	TAYE	3995790	12	4040430 
002404	TAYE	4354612	13	4095309 
001563	TAYE	0031756	14	3910622 
017173	TAYE	4464860	15	4094832 
006582	TAYE	0564741	16	4086448 
014537	TAYE	4170914	18	3816466 
013920	TAYE	0897399	17	4175290 
002669	DAL300	0897706	1	3930034 
